0.00	0.000	1000
0.00	0.005	1000
0.00	0.010	1000
0.00	0.015	1000
0.00	0.020	1000
0.00	0.025	1000
0.00	0.030	1000
0.00	0.035	1000
0.00	0.040	1000
0.00	0.045	1000
0.00	0.050	1000
0.00	0.055	1000
0.00	0.060	1000
0.00	0.065	1000
0.00	0.070	1000
0.00	0.075	1000
0.00	0.080	1000
0.00	0.085	1000
0.00	0.090	1000
0.00	0.095	1000
0.00	0.100	1000
0.00	0.105	1000
0.00	0.110	1000
0.00	0.115	1000
0.00	0.120	1000
0.00	0.125	1000
0.00	0.130	1000
0.00	0.135	1000
0.00	0.140	1000
0.00	0.145	1000
0.00	0.150	1000
0.00	0.155	1000
0.00	0.160	1000
0.00	0.165	1000
0.00	0.170	1000
0.00	0.175	1000
0.00	0.180	1000
0.00	0.185	1000
0.00	0.190	1000
0.00	0.195	1000

0.05	0.000	1000
0.05	0.005	1000
0.05	0.010	1000
0.05	0.015	1000
0.05	0.020	1000
0.05	0.025	1000
0.05	0.030	1000
0.05	0.035	1000
0.05	0.040	1000
0.05	0.045	1000
0.05	0.050	1000
0.05	0.055	1000
0.05	0.060	1000
0.05	0.065	1000
0.05	0.070	1000
0.05	0.075	1000
0.05	0.080	1000
0.05	0.085	1000
0.05	0.090	1000
0.05	0.095	1000
0.05	0.100	1000
0.05	0.105	1000
0.05	0.110	1000
0.05	0.115	1000
0.05	0.120	1000
0.05	0.125	1000
0.05	0.130	1000
0.05	0.135	1000
0.05	0.140	1000
0.05	0.145	1000
0.05	0.150	1000
0.05	0.155	1000
0.05	0.160	1000
0.05	0.165	1000
0.05	0.170	1000
0.05	0.175	1000
0.05	0.180	1000
0.05	0.185	1000
0.05	0.190	1000
0.05	0.195	1000

0.10	0.000	1000
0.10	0.005	1000
0.10	0.010	1000
0.10	0.015	278
0.10	0.020	310
0.10	0.025	1000
0.10	0.030	1000
0.10	0.035	326
0.10	0.040	1000
0.10	0.045	443
0.10	0.050	1000
0.10	0.055	1000
0.10	0.060	1000
0.10	0.065	1000
0.10	0.070	1000
0.10	0.075	1000
0.10	0.080	1000
0.10	0.085	1000
0.10	0.090	1000
0.10	0.095	1000
0.10	0.100	1000
0.10	0.105	1000
0.10	0.110	1000
0.10	0.115	1000
0.10	0.120	1000
0.10	0.125	1000
0.10	0.130	1000
0.10	0.135	1000
0.10	0.140	1000
0.10	0.145	1000
0.10	0.150	1000
0.10	0.155	1000
0.10	0.160	1000
0.10	0.165	1000
0.10	0.170	1000
0.10	0.175	1000
0.10	0.180	1000
0.10	0.185	1000
0.10	0.190	1000
0.10	0.195	1000

0.15	0.000	1000
0.15	0.005	1000
0.15	0.010	1000
0.15	0.015	201
0.15	0.020	214
0.15	0.025	264
0.15	0.030	172
0.15	0.035	161
0.15	0.040	1000
0.15	0.045	255
0.15	0.050	259
0.15	0.055	368
0.15	0.060	1000
0.15	0.065	1000
0.15	0.070	1000
0.15	0.075	1000
0.15	0.080	1000
0.15	0.085	1000
0.15	0.090	1000
0.15	0.095	1000
0.15	0.100	1000
0.15	0.105	1000
0.15	0.110	1000
0.15	0.115	1000
0.15	0.120	1000
0.15	0.125	1000
0.15	0.130	1000
0.15	0.135	1000
0.15	0.140	1000
0.15	0.145	1000
0.15	0.150	1000
0.15	0.155	1000
0.15	0.160	1000
0.15	0.165	1000
0.15	0.170	1000
0.15	0.175	1000
0.15	0.180	1000
0.15	0.185	1000
0.15	0.190	1000
0.15	0.195	1000

0.20	0.000	1000
0.20	0.005	1000
0.20	0.010	333
0.20	0.015	263
0.20	0.020	225
0.20	0.025	176
0.20	0.030	201
0.20	0.035	140
0.20	0.040	271
0.20	0.045	205
0.20	0.050	201
0.20	0.055	190
0.20	0.060	336
0.20	0.065	385
0.20	0.070	1000
0.20	0.075	1000
0.20	0.080	1000
0.20	0.085	1000
0.20	0.090	1000
0.20	0.095	1000
0.20	0.100	1000
0.20	0.105	1000
0.20	0.110	1000
0.20	0.115	1000
0.20	0.120	1000
0.20	0.125	1000
0.20	0.130	1000
0.20	0.135	1000
0.20	0.140	1000
0.20	0.145	1000
0.20	0.150	1000
0.20	0.155	1000
0.20	0.160	1000
0.20	0.165	1000
0.20	0.170	1000
0.20	0.175	1000
0.20	0.180	1000
0.20	0.185	1000
0.20	0.190	1000
0.20	0.195	1000

0.25	0.000	1000
0.25	0.005	1000
0.25	0.010	1000
0.25	0.015	160
0.25	0.020	155
0.25	0.025	166
0.25	0.030	180
0.25	0.035	149
0.25	0.040	129
0.25	0.045	171
0.25	0.050	124
0.25	0.055	137
0.25	0.060	186
0.25	0.065	184
0.25	0.070	304
0.25	0.075	1000
0.25	0.080	1000
0.25	0.085	1000
0.25	0.090	1000
0.25	0.095	1000
0.25	0.100	1000
0.25	0.105	1000
0.25	0.110	1000
0.25	0.115	1000
0.25	0.120	1000
0.25	0.125	1000
0.25	0.130	1000
0.25	0.135	1000
0.25	0.140	1000
0.25	0.145	1000
0.25	0.150	1000
0.25	0.155	1000
0.25	0.160	1000
0.25	0.165	1000
0.25	0.170	1000
0.25	0.175	1000
0.25	0.180	1000
0.25	0.185	1000
0.25	0.190	1000
0.25	0.195	1000

0.30	0.000	1000
0.30	0.005	1000
0.30	0.010	263
0.30	0.015	158
0.30	0.020	135
0.30	0.025	114
0.30	0.030	116
0.30	0.035	109
0.30	0.040	131
0.30	0.045	167
0.30	0.050	141
0.30	0.055	97
0.30	0.060	123
0.30	0.065	135
0.30	0.070	146
0.30	0.075	308
0.30	0.080	419
0.30	0.085	1000
0.30	0.090	1000
0.30	0.095	1000
0.30	0.100	1000
0.30	0.105	1000
0.30	0.110	1000
0.30	0.115	1000
0.30	0.120	1000
0.30	0.125	1000
0.30	0.130	1000
0.30	0.135	1000
0.30	0.140	1000
0.30	0.145	1000
0.30	0.150	1000
0.30	0.155	1000
0.30	0.160	1000
0.30	0.165	1000
0.30	0.170	1000
0.30	0.175	1000
0.30	0.180	1000
0.30	0.185	1000
0.30	0.190	1000
0.30	0.195	1000

0.35	0.000	1000
0.35	0.005	318
0.35	0.010	198
0.35	0.015	226
0.35	0.020	104
0.35	0.025	78
0.35	0.030	87
0.35	0.035	85
0.35	0.040	81
0.35	0.045	164
0.35	0.050	123
0.35	0.055	89
0.35	0.060	94
0.35	0.065	99
0.35	0.070	110
0.35	0.075	148
0.35	0.080	252
0.35	0.085	579
0.35	0.090	1000
0.35	0.095	1000
0.35	0.100	1000
0.35	0.105	1000
0.35	0.110	1000
0.35	0.115	1000
0.35	0.120	1000
0.35	0.125	1000
0.35	0.130	1000
0.35	0.135	1000
0.35	0.140	1000
0.35	0.145	1000
0.35	0.150	1000
0.35	0.155	1000
0.35	0.160	1000
0.35	0.165	1000
0.35	0.170	1000
0.35	0.175	1000
0.35	0.180	1000
0.35	0.185	1000
0.35	0.190	1000
0.35	0.195	1000

0.40	0.000	1000
0.40	0.005	248
0.40	0.010	171
0.40	0.015	88
0.40	0.020	101
0.40	0.025	90
0.40	0.030	73
0.40	0.035	86
0.40	0.040	100
0.40	0.045	127
0.40	0.050	87
0.40	0.055	93
0.40	0.060	76
0.40	0.065	93
0.40	0.070	100
0.40	0.075	98
0.40	0.080	125
0.40	0.085	242
0.40	0.090	1000
0.40	0.095	1000
0.40	0.100	1000
0.40	0.105	1000
0.40	0.110	1000
0.40	0.115	1000
0.40	0.120	1000
0.40	0.125	1000
0.40	0.130	1000
0.40	0.135	1000
0.40	0.140	1000
0.40	0.145	1000
0.40	0.150	1000
0.40	0.155	1000
0.40	0.160	1000
0.40	0.165	1000
0.40	0.170	1000
0.40	0.175	1000
0.40	0.180	1000
0.40	0.185	1000
0.40	0.190	1000
0.40	0.195	1000

0.45	0.000	1000
0.45	0.005	207
0.45	0.010	214
0.45	0.015	123
0.45	0.020	136
0.45	0.025	68
0.45	0.030	76
0.45	0.035	73
0.45	0.040	76
0.45	0.045	81
0.45	0.050	69
0.45	0.055	87
0.45	0.060	63
0.45	0.065	84
0.45	0.070	94
0.45	0.075	82
0.45	0.080	106
0.45	0.085	137
0.45	0.090	242
0.45	0.095	1000
0.45	0.100	1000
0.45	0.105	1000
0.45	0.110	1000
0.45	0.115	1000
0.45	0.120	1000
0.45	0.125	1000
0.45	0.130	1000
0.45	0.135	1000
0.45	0.140	1000
0.45	0.145	1000
0.45	0.150	1000
0.45	0.155	1000
0.45	0.160	1000
0.45	0.165	1000
0.45	0.170	1000
0.45	0.175	1000
0.45	0.180	1000
0.45	0.185	1000
0.45	0.190	1000
0.45	0.195	1000

0.50	0.000	1000
0.50	0.005	311
0.50	0.010	123
0.50	0.015	116
0.50	0.020	73
0.50	0.025	61
0.50	0.030	104
0.50	0.035	57
0.50	0.040	78
0.50	0.045	72
0.50	0.050	75
0.50	0.055	82
0.50	0.060	70
0.50	0.065	70
0.50	0.070	76
0.50	0.075	71
0.50	0.080	106
0.50	0.085	114
0.50	0.090	153
0.50	0.095	1000
0.50	0.100	1000
0.50	0.105	1000
0.50	0.110	1000
0.50	0.115	1000
0.50	0.120	1000
0.50	0.125	1000
0.50	0.130	1000
0.50	0.135	1000
0.50	0.140	1000
0.50	0.145	1000
0.50	0.150	1000
0.50	0.155	1000
0.50	0.160	1000
0.50	0.165	1000
0.50	0.170	1000
0.50	0.175	1000
0.50	0.180	1000
0.50	0.185	1000
0.50	0.190	1000
0.50	0.195	1000

0.55	0.000	1000
0.55	0.005	223
0.55	0.010	105
0.55	0.015	76
0.55	0.020	68
0.55	0.025	66
0.55	0.030	67
0.55	0.035	58
0.55	0.040	58
0.55	0.045	58
0.55	0.050	71
0.55	0.055	68
0.55	0.060	65
0.55	0.065	70
0.55	0.070	73
0.55	0.075	73
0.55	0.080	81
0.55	0.085	117
0.55	0.090	129
0.55	0.095	166
0.55	0.100	1000
0.55	0.105	1000
0.55	0.110	1000
0.55	0.115	1000
0.55	0.120	1000
0.55	0.125	1000
0.55	0.130	1000
0.55	0.135	1000
0.55	0.140	1000
0.55	0.145	1000
0.55	0.150	1000
0.55	0.155	1000
0.55	0.160	1000
0.55	0.165	1000
0.55	0.170	1000
0.55	0.175	1000
0.55	0.180	1000
0.55	0.185	1000
0.55	0.190	1000
0.55	0.195	1000

0.60	0.000	1000
0.60	0.005	197
0.60	0.010	172
0.60	0.015	70
0.60	0.020	69
0.60	0.025	58
0.60	0.030	55
0.60	0.035	57
0.60	0.040	50
0.60	0.045	48
0.60	0.050	59
0.60	0.055	62
0.60	0.060	53
0.60	0.065	67
0.60	0.070	64
0.60	0.075	83
0.60	0.080	73
0.60	0.085	89
0.60	0.090	113
0.60	0.095	136
0.60	0.100	287
0.60	0.105	1000
0.60	0.110	1000
0.60	0.115	1000
0.60	0.120	1000
0.60	0.125	1000
0.60	0.130	1000
0.60	0.135	1000
0.60	0.140	1000
0.60	0.145	1000
0.60	0.150	1000
0.60	0.155	1000
0.60	0.160	1000
0.60	0.165	1000
0.60	0.170	1000
0.60	0.175	1000
0.60	0.180	1000
0.60	0.185	1000
0.60	0.190	1000
0.60	0.195	1000

0.65	0.000	1000
0.65	0.005	306
0.65	0.010	141
0.65	0.015	82
0.65	0.020	74
0.65	0.025	53
0.65	0.030	58
0.65	0.035	57
0.65	0.040	46
0.65	0.045	53
0.65	0.050	59
0.65	0.055	51
0.65	0.060	56
0.65	0.065	46
0.65	0.070	61
0.65	0.075	56
0.65	0.080	60
0.65	0.085	67
0.65	0.090	98
0.65	0.095	97
0.65	0.100	223
0.65	0.105	1000
0.65	0.110	1000
0.65	0.115	1000
0.65	0.120	1000
0.65	0.125	1000
0.65	0.130	1000
0.65	0.135	1000
0.65	0.140	1000
0.65	0.145	1000
0.65	0.150	1000
0.65	0.155	1000
0.65	0.160	1000
0.65	0.165	1000
0.65	0.170	1000
0.65	0.175	1000
0.65	0.180	1000
0.65	0.185	1000
0.65	0.190	1000
0.65	0.195	1000

0.70	0.000	1000
0.70	0.005	237
0.70	0.010	122
0.70	0.015	84
0.70	0.020	57
0.70	0.025	61
0.70	0.030	60
0.70	0.035	49
0.70	0.040	53
0.70	0.045	47
0.70	0.050	46
0.70	0.055	53
0.70	0.060	47
0.70	0.065	58
0.70	0.070	55
0.70	0.075	61
0.70	0.080	58
0.70	0.085	61
0.70	0.090	73
0.70	0.095	102
0.70	0.100	122
0.70	0.105	319
0.70	0.110	1000
0.70	0.115	1000
0.70	0.120	1000
0.70	0.125	1000
0.70	0.130	1000
0.70	0.135	1000
0.70	0.140	1000
0.70	0.145	1000
0.70	0.150	1000
0.70	0.155	1000
0.70	0.160	1000
0.70	0.165	1000
0.70	0.170	1000
0.70	0.175	1000
0.70	0.180	1000
0.70	0.185	1000
0.70	0.190	1000
0.70	0.195	1000

0.75	0.000	1000
0.75	0.005	158
0.75	0.010	115
0.75	0.015	76
0.75	0.020	57
0.75	0.025	52
0.75	0.030	56
0.75	0.035	57
0.75	0.040	45
0.75	0.045	52
0.75	0.050	43
0.75	0.055	45
0.75	0.060	42
0.75	0.065	50
0.75	0.070	42
0.75	0.075	54
0.75	0.080	61
0.75	0.085	61
0.75	0.090	65
0.75	0.095	76
0.75	0.100	103
0.75	0.105	164
0.75	0.110	324
0.75	0.115	1000
0.75	0.120	1000
0.75	0.125	1000
0.75	0.130	1000
0.75	0.135	1000
0.75	0.140	1000
0.75	0.145	1000
0.75	0.150	1000
0.75	0.155	1000
0.75	0.160	1000
0.75	0.165	1000
0.75	0.170	1000
0.75	0.175	1000
0.75	0.180	1000
0.75	0.185	1000
0.75	0.190	1000
0.75	0.195	1000

0.80	0.000	1000
0.80	0.005	1000
0.80	0.010	135
0.80	0.015	69
0.80	0.020	67
0.80	0.025	49
0.80	0.030	45
0.80	0.035	50
0.80	0.040	36
0.80	0.045	47
0.80	0.050	44
0.80	0.055	45
0.80	0.060	59
0.80	0.065	43
0.80	0.070	56
0.80	0.075	55
0.80	0.080	54
0.80	0.085	61
0.80	0.090	59
0.80	0.095	79
0.80	0.100	87
0.80	0.105	146
0.80	0.110	216
0.80	0.115	1000
0.80	0.120	1000
0.80	0.125	1000
0.80	0.130	1000
0.80	0.135	1000
0.80	0.140	1000
0.80	0.145	1000
0.80	0.150	1000
0.80	0.155	1000
0.80	0.160	1000
0.80	0.165	1000
0.80	0.170	1000
0.80	0.175	1000
0.80	0.180	1000
0.80	0.185	1000
0.80	0.190	1000
0.80	0.195	1000

0.85	0.000	1000
0.85	0.005	169
0.85	0.010	111
0.85	0.015	64
0.85	0.020	54
0.85	0.025	47
0.85	0.030	40
0.85	0.035	40
0.85	0.040	57
0.85	0.045	40
0.85	0.050	36
0.85	0.055	34
0.85	0.060	37
0.85	0.065	49
0.85	0.070	42
0.85	0.075	47
0.85	0.080	49
0.85	0.085	53
0.85	0.090	58
0.85	0.095	63
0.85	0.100	72
0.85	0.105	128
0.85	0.110	168
0.85	0.115	1000
0.85	0.120	1000
0.85	0.125	1000
0.85	0.130	1000
0.85	0.135	1000
0.85	0.140	1000
0.85	0.145	1000
0.85	0.150	1000
0.85	0.155	1000
0.85	0.160	1000
0.85	0.165	1000
0.85	0.170	1000
0.85	0.175	1000
0.85	0.180	1000
0.85	0.185	1000
0.85	0.190	1000
0.85	0.195	1000

0.90	0.000	1000
0.90	0.005	164
0.90	0.010	84
0.90	0.015	58
0.90	0.020	54
0.90	0.025	71
0.90	0.030	59
0.90	0.035	42
0.90	0.040	42
0.90	0.045	37
0.90	0.050	45
0.90	0.055	44
0.90	0.060	55
0.90	0.065	46
0.90	0.070	51
0.90	0.075	57
0.90	0.080	52
0.90	0.085	64
0.90	0.090	53
0.90	0.095	57
0.90	0.100	75
0.90	0.105	81
0.90	0.110	124
0.90	0.115	240
0.90	0.120	1000
0.90	0.125	1000
0.90	0.130	1000
0.90	0.135	1000
0.90	0.140	1000
0.90	0.145	1000
0.90	0.150	1000
0.90	0.155	1000
0.90	0.160	1000
0.90	0.165	1000
0.90	0.170	1000
0.90	0.175	1000
0.90	0.180	1000
0.90	0.185	1000
0.90	0.190	1000
0.90	0.195	1000

0.95	0.000	1000
0.95	0.005	134
0.95	0.010	102
0.95	0.015	67
0.95	0.020	48
0.95	0.025	41
0.95	0.030	54
0.95	0.035	37
0.95	0.040	41
0.95	0.045	44
0.95	0.050	53
0.95	0.055	45
0.95	0.060	37
0.95	0.065	41
0.95	0.070	42
0.95	0.075	48
0.95	0.080	44
0.95	0.085	46
0.95	0.090	53
0.95	0.095	64
0.95	0.100	65
0.95	0.105	69
0.95	0.110	131
0.95	0.115	233
0.95	0.120	1000
0.95	0.125	1000
0.95	0.130	1000
0.95	0.135	1000
0.95	0.140	1000
0.95	0.145	1000
0.95	0.150	1000
0.95	0.155	1000
0.95	0.160	1000
0.95	0.165	1000
0.95	0.170	1000
0.95	0.175	1000
0.95	0.180	1000
0.95	0.185	1000
0.95	0.190	1000
0.95	0.195	1000