0.00	0.000	1000
0.00	0.005	1000
0.00	0.010	1000
0.00	0.015	1000
0.00	0.020	1000
0.00	0.025	1000
0.00	0.030	1000
0.00	0.035	1000
0.00	0.040	1000
0.00	0.045	1000
0.00	0.050	1000
0.00	0.055	1000
0.00	0.060	1000
0.00	0.065	1000
0.00	0.070	1000
0.00	0.075	1000
0.00	0.080	1000
0.00	0.085	1000
0.00	0.090	1000
0.00	0.095	1000
0.00	0.100	1000
0.00	0.105	1000
0.00	0.110	1000
0.00	0.115	1000
0.00	0.120	1000
0.00	0.125	1000
0.00	0.130	1000
0.00	0.135	1000
0.00	0.140	1000
0.00	0.145	1000
0.00	0.150	1000
0.00	0.155	1000
0.00	0.160	1000
0.00	0.165	1000
0.00	0.170	1000
0.00	0.175	1000
0.00	0.180	1000
0.00	0.185	1000
0.00	0.190	1000
0.00	0.195	1000

0.05	0.000	1000
0.05	0.005	1000
0.05	0.010	1000
0.05	0.015	1000
0.05	0.020	1000
0.05	0.025	1000
0.05	0.030	1000
0.05	0.035	431
0.05	0.040	1000
0.05	0.045	1000
0.05	0.050	1000
0.05	0.055	1000
0.05	0.060	1000
0.05	0.065	1000
0.05	0.070	1000
0.05	0.075	1000
0.05	0.080	1000
0.05	0.085	1000
0.05	0.090	1000
0.05	0.095	1000
0.05	0.100	1000
0.05	0.105	1000
0.05	0.110	1000
0.05	0.115	1000
0.05	0.120	1000
0.05	0.125	1000
0.05	0.130	1000
0.05	0.135	1000
0.05	0.140	1000
0.05	0.145	1000
0.05	0.150	1000
0.05	0.155	1000
0.05	0.160	1000
0.05	0.165	1000
0.05	0.170	1000
0.05	0.175	1000
0.05	0.180	1000
0.05	0.185	1000
0.05	0.190	1000
0.05	0.195	1000

0.10	0.000	1000
0.10	0.005	1000
0.10	0.010	313
0.10	0.015	1000
0.10	0.020	1000
0.10	0.025	1000
0.10	0.030	334
0.10	0.035	1000
0.10	0.040	274
0.10	0.045	243
0.10	0.050	430
0.10	0.055	1000
0.10	0.060	1000
0.10	0.065	1000
0.10	0.070	1000
0.10	0.075	1000
0.10	0.080	1000
0.10	0.085	1000
0.10	0.090	1000
0.10	0.095	1000
0.10	0.100	1000
0.10	0.105	1000
0.10	0.110	1000
0.10	0.115	1000
0.10	0.120	1000
0.10	0.125	1000
0.10	0.130	1000
0.10	0.135	1000
0.10	0.140	1000
0.10	0.145	1000
0.10	0.150	1000
0.10	0.155	1000
0.10	0.160	1000
0.10	0.165	1000
0.10	0.170	1000
0.10	0.175	1000
0.10	0.180	1000
0.10	0.185	1000
0.10	0.190	1000
0.10	0.195	1000

0.15	0.000	1000
0.15	0.005	1000
0.15	0.010	1000
0.15	0.015	237
0.15	0.020	215
0.15	0.025	166
0.15	0.030	155
0.15	0.035	1000
0.15	0.040	203
0.15	0.045	209
0.15	0.050	216
0.15	0.055	225
0.15	0.060	323
0.15	0.065	1000
0.15	0.070	1000
0.15	0.075	1000
0.15	0.080	1000
0.15	0.085	1000
0.15	0.090	1000
0.15	0.095	1000
0.15	0.100	1000
0.15	0.105	1000
0.15	0.110	1000
0.15	0.115	1000
0.15	0.120	1000
0.15	0.125	1000
0.15	0.130	1000
0.15	0.135	1000
0.15	0.140	1000
0.15	0.145	1000
0.15	0.150	1000
0.15	0.155	1000
0.15	0.160	1000
0.15	0.165	1000
0.15	0.170	1000
0.15	0.175	1000
0.15	0.180	1000
0.15	0.185	1000
0.15	0.190	1000
0.15	0.195	1000

0.20	0.000	1000
0.20	0.005	1000
0.20	0.010	1000
0.20	0.015	1000
0.20	0.020	175
0.20	0.025	155
0.20	0.030	129
0.20	0.035	128
0.20	0.040	147
0.20	0.045	202
0.20	0.050	154
0.20	0.055	149
0.20	0.060	249
0.20	0.065	309
0.20	0.070	1000
0.20	0.075	1000
0.20	0.080	1000
0.20	0.085	1000
0.20	0.090	1000
0.20	0.095	1000
0.20	0.100	1000
0.20	0.105	1000
0.20	0.110	1000
0.20	0.115	1000
0.20	0.120	1000
0.20	0.125	1000
0.20	0.130	1000
0.20	0.135	1000
0.20	0.140	1000
0.20	0.145	1000
0.20	0.150	1000
0.20	0.155	1000
0.20	0.160	1000
0.20	0.165	1000
0.20	0.170	1000
0.20	0.175	1000
0.20	0.180	1000
0.20	0.185	1000
0.20	0.190	1000
0.20	0.195	1000

0.25	0.000	1000
0.25	0.005	1000
0.25	0.010	267
0.25	0.015	118
0.25	0.020	106
0.25	0.025	140
0.25	0.030	99
0.25	0.035	131
0.25	0.040	131
0.25	0.045	98
0.25	0.050	161
0.25	0.055	142
0.25	0.060	144
0.25	0.065	169
0.25	0.070	202
0.25	0.075	527
0.25	0.080	1000
0.25	0.085	1000
0.25	0.090	1000
0.25	0.095	1000
0.25	0.100	1000
0.25	0.105	1000
0.25	0.110	1000
0.25	0.115	1000
0.25	0.120	1000
0.25	0.125	1000
0.25	0.130	1000
0.25	0.135	1000
0.25	0.140	1000
0.25	0.145	1000
0.25	0.150	1000
0.25	0.155	1000
0.25	0.160	1000
0.25	0.165	1000
0.25	0.170	1000
0.25	0.175	1000
0.25	0.180	1000
0.25	0.185	1000
0.25	0.190	1000
0.25	0.195	1000

0.30	0.000	1000
0.30	0.005	1000
0.30	0.010	223
0.30	0.015	193
0.30	0.020	83
0.30	0.025	112
0.30	0.030	134
0.30	0.035	73
0.30	0.040	110
0.30	0.045	91
0.30	0.050	119
0.30	0.055	120
0.30	0.060	109
0.30	0.065	128
0.30	0.070	155
0.30	0.075	192
0.30	0.080	1000
0.30	0.085	1000
0.30	0.090	1000
0.30	0.095	1000
0.30	0.100	1000
0.30	0.105	1000
0.30	0.110	1000
0.30	0.115	1000
0.30	0.120	1000
0.30	0.125	1000
0.30	0.130	1000
0.30	0.135	1000
0.30	0.140	1000
0.30	0.145	1000
0.30	0.150	1000
0.30	0.155	1000
0.30	0.160	1000
0.30	0.165	1000
0.30	0.170	1000
0.30	0.175	1000
0.30	0.180	1000
0.30	0.185	1000
0.30	0.190	1000
0.30	0.195	1000

0.35	0.000	1000
0.35	0.005	1000
0.35	0.010	189
0.35	0.015	135
0.35	0.020	127
0.35	0.025	96
0.35	0.030	91
0.35	0.035	101
0.35	0.040	96
0.35	0.045	81
0.35	0.050	94
0.35	0.055	102
0.35	0.060	107
0.35	0.065	115
0.35	0.070	104
0.35	0.075	145
0.35	0.080	186
0.35	0.085	421
0.35	0.090	1000
0.35	0.095	1000
0.35	0.100	1000
0.35	0.105	1000
0.35	0.110	1000
0.35	0.115	1000
0.35	0.120	1000
0.35	0.125	1000
0.35	0.130	1000
0.35	0.135	1000
0.35	0.140	1000
0.35	0.145	1000
0.35	0.150	1000
0.35	0.155	1000
0.35	0.160	1000
0.35	0.165	1000
0.35	0.170	1000
0.35	0.175	1000
0.35	0.180	1000
0.35	0.185	1000
0.35	0.190	1000
0.35	0.195	1000

0.40	0.000	1000
0.40	0.005	1000
0.40	0.010	123
0.40	0.015	126
0.40	0.020	88
0.40	0.025	77
0.40	0.030	91
0.40	0.035	78
0.40	0.040	70
0.40	0.045	77
0.40	0.050	92
0.40	0.055	92
0.40	0.060	93
0.40	0.065	99
0.40	0.070	98
0.40	0.075	108
0.40	0.080	126
0.40	0.085	242
0.40	0.090	1000
0.40	0.095	1000
0.40	0.100	1000
0.40	0.105	1000
0.40	0.110	1000
0.40	0.115	1000
0.40	0.120	1000
0.40	0.125	1000
0.40	0.130	1000
0.40	0.135	1000
0.40	0.140	1000
0.40	0.145	1000
0.40	0.150	1000
0.40	0.155	1000
0.40	0.160	1000
0.40	0.165	1000
0.40	0.170	1000
0.40	0.175	1000
0.40	0.180	1000
0.40	0.185	1000
0.40	0.190	1000
0.40	0.195	1000

0.45	0.000	1000
0.45	0.005	250
0.45	0.010	203
0.45	0.015	135
0.45	0.020	78
0.45	0.025	63
0.45	0.030	76
0.45	0.035	68
0.45	0.040	61
0.45	0.045	73
0.45	0.050	76
0.45	0.055	71
0.45	0.060	84
0.45	0.065	82
0.45	0.070	79
0.45	0.075	101
0.45	0.080	125
0.45	0.085	136
0.45	0.090	204
0.45	0.095	1000
0.45	0.100	1000
0.45	0.105	1000
0.45	0.110	1000
0.45	0.115	1000
0.45	0.120	1000
0.45	0.125	1000
0.45	0.130	1000
0.45	0.135	1000
0.45	0.140	1000
0.45	0.145	1000
0.45	0.150	1000
0.45	0.155	1000
0.45	0.160	1000
0.45	0.165	1000
0.45	0.170	1000
0.45	0.175	1000
0.45	0.180	1000
0.45	0.185	1000
0.45	0.190	1000
0.45	0.195	1000

0.50	0.000	1000
0.50	0.005	208
0.50	0.010	190
0.50	0.015	123
0.50	0.020	86
0.50	0.025	68
0.50	0.030	67
0.50	0.035	78
0.50	0.040	64
0.50	0.045	64
0.50	0.050	71
0.50	0.055	63
0.50	0.060	70
0.50	0.065	68
0.50	0.070	75
0.50	0.075	86
0.50	0.080	87
0.50	0.085	99
0.50	0.090	153
0.50	0.095	238
0.50	0.100	1000
0.50	0.105	1000
0.50	0.110	1000
0.50	0.115	1000
0.50	0.120	1000
0.50	0.125	1000
0.50	0.130	1000
0.50	0.135	1000
0.50	0.140	1000
0.50	0.145	1000
0.50	0.150	1000
0.50	0.155	1000
0.50	0.160	1000
0.50	0.165	1000
0.50	0.170	1000
0.50	0.175	1000
0.50	0.180	1000
0.50	0.185	1000
0.50	0.190	1000
0.50	0.195	1000

0.55	0.000	1000
0.55	0.005	175
0.55	0.010	95
0.55	0.015	79
0.55	0.020	79
0.55	0.025	57
0.55	0.030	56
0.55	0.035	63
0.55	0.040	66
0.55	0.045	57
0.55	0.050	86
0.55	0.055	60
0.55	0.060	69
0.55	0.065	65
0.55	0.070	62
0.55	0.075	80
0.55	0.080	104
0.55	0.085	106
0.55	0.090	118
0.55	0.095	201
0.55	0.100	547
0.55	0.105	1000
0.55	0.110	1000
0.55	0.115	1000
0.55	0.120	1000
0.55	0.125	1000
0.55	0.130	1000
0.55	0.135	1000
0.55	0.140	1000
0.55	0.145	1000
0.55	0.150	1000
0.55	0.155	1000
0.55	0.160	1000
0.55	0.165	1000
0.55	0.170	1000
0.55	0.175	1000
0.55	0.180	1000
0.55	0.185	1000
0.55	0.190	1000
0.55	0.195	1000

0.60	0.000	1000
0.60	0.005	1000
0.60	0.010	98
0.60	0.015	65
0.60	0.020	103
0.60	0.025	62
0.60	0.030	47
0.60	0.035	47
0.60	0.040	57
0.60	0.045	80
0.60	0.050	54
0.60	0.055	69
0.60	0.060	50
0.60	0.065	71
0.60	0.070	58
0.60	0.075	58
0.60	0.080	66
0.60	0.085	75
0.60	0.090	114
0.60	0.095	125
0.60	0.100	279
0.60	0.105	1000
0.60	0.110	1000
0.60	0.115	1000
0.60	0.120	1000
0.60	0.125	1000
0.60	0.130	1000
0.60	0.135	1000
0.60	0.140	1000
0.60	0.145	1000
0.60	0.150	1000
0.60	0.155	1000
0.60	0.160	1000
0.60	0.165	1000
0.60	0.170	1000
0.60	0.175	1000
0.60	0.180	1000
0.60	0.185	1000
0.60	0.190	1000
0.60	0.195	1000

0.65	0.000	1000
0.65	0.005	160
0.65	0.010	105
0.65	0.015	109
0.65	0.020	89
0.65	0.025	55
0.65	0.030	64
0.65	0.035	57
0.65	0.040	60
0.65	0.045	52
0.65	0.050	50
0.65	0.055	69
0.65	0.060	66
0.65	0.065	59
0.65	0.070	58
0.65	0.075	70
0.65	0.080	69
0.65	0.085	78
0.65	0.090	99
0.65	0.095	108
0.65	0.100	147
0.65	0.105	283
0.65	0.110	1000
0.65	0.115	1000
0.65	0.120	1000
0.65	0.125	1000
0.65	0.130	1000
0.65	0.135	1000
0.65	0.140	1000
0.65	0.145	1000
0.65	0.150	1000
0.65	0.155	1000
0.65	0.160	1000
0.65	0.165	1000
0.65	0.170	1000
0.65	0.175	1000
0.65	0.180	1000
0.65	0.185	1000
0.65	0.190	1000
0.65	0.195	1000

0.70	0.000	1000
0.70	0.005	202
0.70	0.010	78
0.70	0.015	83
0.70	0.020	59
0.70	0.025	57
0.70	0.030	84
0.70	0.035	49
0.70	0.040	57
0.70	0.045	53
0.70	0.050	43
0.70	0.055	60
0.70	0.060	47
0.70	0.065	56
0.70	0.070	52
0.70	0.075	61
0.70	0.080	56
0.70	0.085	73
0.70	0.090	77
0.70	0.095	86
0.70	0.100	124
0.70	0.105	165
0.70	0.110	1000
0.70	0.115	1000
0.70	0.120	1000
0.70	0.125	1000
0.70	0.130	1000
0.70	0.135	1000
0.70	0.140	1000
0.70	0.145	1000
0.70	0.150	1000
0.70	0.155	1000
0.70	0.160	1000
0.70	0.165	1000
0.70	0.170	1000
0.70	0.175	1000
0.70	0.180	1000
0.70	0.185	1000
0.70	0.190	1000
0.70	0.195	1000

0.75	0.000	1000
0.75	0.005	221
0.75	0.010	117
0.75	0.015	68
0.75	0.020	54
0.75	0.025	53
0.75	0.030	60
0.75	0.035	45
0.75	0.040	58
0.75	0.045	43
0.75	0.050	53
0.75	0.055	50
0.75	0.060	49
0.75	0.065	44
0.75	0.070	65
0.75	0.075	53
0.75	0.080	64
0.75	0.085	65
0.75	0.090	74
0.75	0.095	78
0.75	0.100	97
0.75	0.105	155
0.75	0.110	285
0.75	0.115	1000
0.75	0.120	1000
0.75	0.125	1000
0.75	0.130	1000
0.75	0.135	1000
0.75	0.140	1000
0.75	0.145	1000
0.75	0.150	1000
0.75	0.155	1000
0.75	0.160	1000
0.75	0.165	1000
0.75	0.170	1000
0.75	0.175	1000
0.75	0.180	1000
0.75	0.185	1000
0.75	0.190	1000
0.75	0.195	1000

0.80	0.000	1000
0.80	0.005	185
0.80	0.010	100
0.80	0.015	47
0.80	0.020	50
0.80	0.025	48
0.80	0.030	43
0.80	0.035	50
0.80	0.040	44
0.80	0.045	47
0.80	0.050	38
0.80	0.055	51
0.80	0.060	54
0.80	0.065	41
0.80	0.070	60
0.80	0.075	60
0.80	0.080	59
0.80	0.085	60
0.80	0.090	67
0.80	0.095	75
0.80	0.100	94
0.80	0.105	128
0.80	0.110	245
0.80	0.115	1000
0.80	0.120	1000
0.80	0.125	1000
0.80	0.130	1000
0.80	0.135	1000
0.80	0.140	1000
0.80	0.145	1000
0.80	0.150	1000
0.80	0.155	1000
0.80	0.160	1000
0.80	0.165	1000
0.80	0.170	1000
0.80	0.175	1000
0.80	0.180	1000
0.80	0.185	1000
0.80	0.190	1000
0.80	0.195	1000

0.85	0.000	1000
0.85	0.005	143
0.85	0.010	82
0.85	0.015	51
0.85	0.020	55
0.85	0.025	46
0.85	0.030	40
0.85	0.035	43
0.85	0.040	44
0.85	0.045	44
0.85	0.050	41
0.85	0.055	37
0.85	0.060	48
0.85	0.065	50
0.85	0.070	46
0.85	0.075	48
0.85	0.080	53
0.85	0.085	64
0.85	0.090	64
0.85	0.095	74
0.85	0.100	78
0.85	0.105	103
0.85	0.110	168
0.85	0.115	1000
0.85	0.120	1000
0.85	0.125	1000
0.85	0.130	1000
0.85	0.135	1000
0.85	0.140	1000
0.85	0.145	1000
0.85	0.150	1000
0.85	0.155	1000
0.85	0.160	1000
0.85	0.165	1000
0.85	0.170	1000
0.85	0.175	1000
0.85	0.180	1000
0.85	0.185	1000
0.85	0.190	1000
0.85	0.195	1000

0.90	0.000	1000
0.90	0.005	107
0.90	0.010	84
0.90	0.015	59
0.90	0.020	50
0.90	0.025	43
0.90	0.030	39
0.90	0.035	41
0.90	0.040	36
0.90	0.045	40
0.90	0.050	40
0.90	0.055	44
0.90	0.060	43
0.90	0.065	40
0.90	0.070	41
0.90	0.075	51
0.90	0.080	51
0.90	0.085	52
0.90	0.090	54
0.90	0.095	67
0.90	0.100	84
0.90	0.105	95
0.90	0.110	141
0.90	0.115	251
0.90	0.120	1000
0.90	0.125	1000
0.90	0.130	1000
0.90	0.135	1000
0.90	0.140	1000
0.90	0.145	1000
0.90	0.150	1000
0.90	0.155	1000
0.90	0.160	1000
0.90	0.165	1000
0.90	0.170	1000
0.90	0.175	1000
0.90	0.180	1000
0.90	0.185	1000
0.90	0.190	1000
0.90	0.195	1000

0.95	0.000	1000
0.95	0.005	129
0.95	0.010	90
0.95	0.015	69
0.95	0.020	47
0.95	0.025	36
0.95	0.030	50
0.95	0.035	42
0.95	0.040	39
0.95	0.045	46
0.95	0.050	38
0.95	0.055	36
0.95	0.060	40
0.95	0.065	37
0.95	0.070	48
0.95	0.075	48
0.95	0.080	49
0.95	0.085	58
0.95	0.090	54
0.95	0.095	65
0.95	0.100	64
0.95	0.105	77
0.95	0.110	90
0.95	0.115	153
0.95	0.120	1000
0.95	0.125	1000
0.95	0.130	1000
0.95	0.135	1000
0.95	0.140	1000
0.95	0.145	1000
0.95	0.150	1000
0.95	0.155	1000
0.95	0.160	1000
0.95	0.165	1000
0.95	0.170	1000
0.95	0.175	1000
0.95	0.180	1000
0.95	0.185	1000
0.95	0.190	1000
0.95	0.195	1000
