0.00	0.000	1000
0.00	0.005	1000
0.00	0.010	1000
0.00	0.015	1000
0.00	0.020	1000
0.00	0.025	1000
0.00	0.030	1000
0.00	0.035	1000
0.00	0.040	1000
0.00	0.045	1000
0.00	0.050	1000
0.00	0.055	1000
0.00	0.060	1000
0.00	0.065	1000
0.00	0.070	1000
0.00	0.075	1000
0.00	0.080	1000
0.00	0.085	1000
0.00	0.090	1000
0.00	0.095	1000
0.00	0.100	1000
0.00	0.105	1000
0.00	0.110	1000
0.00	0.115	1000
0.00	0.120	1000
0.00	0.125	1000
0.00	0.130	1000
0.00	0.135	1000
0.00	0.140	1000
0.00	0.145	1000
0.00	0.150	1000
0.00	0.155	1000
0.00	0.160	1000
0.00	0.165	1000
0.00	0.170	1000
0.00	0.175	1000
0.00	0.180	1000
0.00	0.185	1000
0.00	0.190	1000
0.00	0.195	1000

0.05	0.000	1000
0.05	0.005	1000
0.05	0.010	1000
0.05	0.015	351
0.05	0.020	1000
0.05	0.025	1000
0.05	0.030	1000
0.05	0.035	1000
0.05	0.040	1000
0.05	0.045	1000
0.05	0.050	1000
0.05	0.055	1000
0.05	0.060	1000
0.05	0.065	1000
0.05	0.070	1000
0.05	0.075	1000
0.05	0.080	1000
0.05	0.085	1000
0.05	0.090	1000
0.05	0.095	1000
0.05	0.100	1000
0.05	0.105	1000
0.05	0.110	1000
0.05	0.115	1000
0.05	0.120	1000
0.05	0.125	1000
0.05	0.130	1000
0.05	0.135	1000
0.05	0.140	1000
0.05	0.145	1000
0.05	0.150	1000
0.05	0.155	1000
0.05	0.160	1000
0.05	0.165	1000
0.05	0.170	1000
0.05	0.175	1000
0.05	0.180	1000
0.05	0.185	1000
0.05	0.190	1000
0.05	0.195	1000

0.10	0.000	1000
0.10	0.005	1000
0.10	0.010	1000
0.10	0.015	1000
0.10	0.020	1000
0.10	0.025	284
0.10	0.030	374
0.10	0.035	1000
0.10	0.040	1000
0.10	0.045	1000
0.10	0.050	1000
0.10	0.055	1000
0.10	0.060	1000
0.10	0.065	1000
0.10	0.070	1000
0.10	0.075	1000
0.10	0.080	1000
0.10	0.085	1000
0.10	0.090	1000
0.10	0.095	1000
0.10	0.100	1000
0.10	0.105	1000
0.10	0.110	1000
0.10	0.115	1000
0.10	0.120	1000
0.10	0.125	1000
0.10	0.130	1000
0.10	0.135	1000
0.10	0.140	1000
0.10	0.145	1000
0.10	0.150	1000
0.10	0.155	1000
0.10	0.160	1000
0.10	0.165	1000
0.10	0.170	1000
0.10	0.175	1000
0.10	0.180	1000
0.10	0.185	1000
0.10	0.190	1000
0.10	0.195	1000

0.15	0.000	1000
0.15	0.005	1000
0.15	0.010	1000
0.15	0.015	1000
0.15	0.020	163
0.15	0.025	183
0.15	0.030	181
0.15	0.035	207
0.15	0.040	298
0.15	0.045	1000
0.15	0.050	1000
0.15	0.055	1000
0.15	0.060	1000
0.15	0.065	1000
0.15	0.070	1000
0.15	0.075	1000
0.15	0.080	1000
0.15	0.085	1000
0.15	0.090	1000
0.15	0.095	1000
0.15	0.100	1000
0.15	0.105	1000
0.15	0.110	1000
0.15	0.115	1000
0.15	0.120	1000
0.15	0.125	1000
0.15	0.130	1000
0.15	0.135	1000
0.15	0.140	1000
0.15	0.145	1000
0.15	0.150	1000
0.15	0.155	1000
0.15	0.160	1000
0.15	0.165	1000
0.15	0.170	1000
0.15	0.175	1000
0.15	0.180	1000
0.15	0.185	1000
0.15	0.190	1000
0.15	0.195	1000

0.20	0.000	1000
0.20	0.005	1000
0.20	0.010	1000
0.20	0.015	174
0.20	0.020	142
0.20	0.025	148
0.20	0.030	159
0.20	0.035	163
0.20	0.040	188
0.20	0.045	189
0.20	0.050	1000
0.20	0.055	1000
0.20	0.060	1000
0.20	0.065	1000
0.20	0.070	1000
0.20	0.075	1000
0.20	0.080	1000
0.20	0.085	1000
0.20	0.090	1000
0.20	0.095	1000
0.20	0.100	1000
0.20	0.105	1000
0.20	0.110	1000
0.20	0.115	1000
0.20	0.120	1000
0.20	0.125	1000
0.20	0.130	1000
0.20	0.135	1000
0.20	0.140	1000
0.20	0.145	1000
0.20	0.150	1000
0.20	0.155	1000
0.20	0.160	1000
0.20	0.165	1000
0.20	0.170	1000
0.20	0.175	1000
0.20	0.180	1000
0.20	0.185	1000
0.20	0.190	1000
0.20	0.195	1000

0.25	0.000	1000
0.25	0.005	1000
0.25	0.010	145
0.25	0.015	134
0.25	0.020	126
0.25	0.025	117
0.25	0.030	113
0.25	0.035	144
0.25	0.040	110
0.25	0.045	184
0.25	0.050	248
0.25	0.055	1000
0.25	0.060	1000
0.25	0.065	1000
0.25	0.070	1000
0.25	0.075	1000
0.25	0.080	1000
0.25	0.085	1000
0.25	0.090	1000
0.25	0.095	1000
0.25	0.100	1000
0.25	0.105	1000
0.25	0.110	1000
0.25	0.115	1000
0.25	0.120	1000
0.25	0.125	1000
0.25	0.130	1000
0.25	0.135	1000
0.25	0.140	1000
0.25	0.145	1000
0.25	0.150	1000
0.25	0.155	1000
0.25	0.160	1000
0.25	0.165	1000
0.25	0.170	1000
0.25	0.175	1000
0.25	0.180	1000
0.25	0.185	1000
0.25	0.190	1000
0.25	0.195	1000

0.30	0.000	1000
0.30	0.005	1000
0.30	0.010	123
0.30	0.015	214
0.30	0.020	128
0.30	0.025	101
0.30	0.030	114
0.30	0.035	104
0.30	0.040	121
0.30	0.045	118
0.30	0.050	159
0.30	0.055	193
0.30	0.060	1000
0.30	0.065	1000
0.30	0.070	1000
0.30	0.075	1000
0.30	0.080	1000
0.30	0.085	1000
0.30	0.090	1000
0.30	0.095	1000
0.30	0.100	1000
0.30	0.105	1000
0.30	0.110	1000
0.30	0.115	1000
0.30	0.120	1000
0.30	0.125	1000
0.30	0.130	1000
0.30	0.135	1000
0.30	0.140	1000
0.30	0.145	1000
0.30	0.150	1000
0.30	0.155	1000
0.30	0.160	1000
0.30	0.165	1000
0.30	0.170	1000
0.30	0.175	1000
0.30	0.180	1000
0.30	0.185	1000
0.30	0.190	1000
0.30	0.195	1000

0.35	0.000	1000
0.35	0.005	237
0.35	0.010	144
0.35	0.015	96
0.35	0.020	122
0.35	0.025	79
0.35	0.030	87
0.35	0.035	87
0.35	0.040	87
0.35	0.045	114
0.35	0.050	111
0.35	0.055	140
0.35	0.060	215
0.35	0.065	1000
0.35	0.070	1000
0.35	0.075	1000
0.35	0.080	1000
0.35	0.085	1000
0.35	0.090	1000
0.35	0.095	1000
0.35	0.100	1000
0.35	0.105	1000
0.35	0.110	1000
0.35	0.115	1000
0.35	0.120	1000
0.35	0.125	1000
0.35	0.130	1000
0.35	0.135	1000
0.35	0.140	1000
0.35	0.145	1000
0.35	0.150	1000
0.35	0.155	1000
0.35	0.160	1000
0.35	0.165	1000
0.35	0.170	1000
0.35	0.175	1000
0.35	0.180	1000
0.35	0.185	1000
0.35	0.190	1000
0.35	0.195	1000

0.40	0.000	1000
0.40	0.005	214
0.40	0.010	122
0.40	0.015	87
0.40	0.020	84
0.40	0.025	86
0.40	0.030	68
0.40	0.035	83
0.40	0.040	86
0.40	0.045	87
0.40	0.050	93
0.40	0.055	88
0.40	0.060	136
0.40	0.065	293
0.40	0.070	1000
0.40	0.075	1000
0.40	0.080	1000
0.40	0.085	1000
0.40	0.090	1000
0.40	0.095	1000
0.40	0.100	1000
0.40	0.105	1000
0.40	0.110	1000
0.40	0.115	1000
0.40	0.120	1000
0.40	0.125	1000
0.40	0.130	1000
0.40	0.135	1000
0.40	0.140	1000
0.40	0.145	1000
0.40	0.150	1000
0.40	0.155	1000
0.40	0.160	1000
0.40	0.165	1000
0.40	0.170	1000
0.40	0.175	1000
0.40	0.180	1000
0.40	0.185	1000
0.40	0.190	1000
0.40	0.195	1000

0.45	0.000	1000
0.45	0.005	145
0.45	0.010	87
0.45	0.015	80
0.45	0.020	70
0.45	0.025	82
0.45	0.030	71
0.45	0.035	68
0.45	0.040	64
0.45	0.045	71
0.45	0.050	81
0.45	0.055	99
0.45	0.060	123
0.45	0.065	148
0.45	0.070	295
0.45	0.075	1000
0.45	0.080	1000
0.45	0.085	1000
0.45	0.090	1000
0.45	0.095	1000
0.45	0.100	1000
0.45	0.105	1000
0.45	0.110	1000
0.45	0.115	1000
0.45	0.120	1000
0.45	0.125	1000
0.45	0.130	1000
0.45	0.135	1000
0.45	0.140	1000
0.45	0.145	1000
0.45	0.150	1000
0.45	0.155	1000
0.45	0.160	1000
0.45	0.165	1000
0.45	0.170	1000
0.45	0.175	1000
0.45	0.180	1000
0.45	0.185	1000
0.45	0.190	1000
0.45	0.195	1000

0.50	0.000	1000
0.50	0.005	129
0.50	0.010	99
0.50	0.015	72
0.50	0.020	55
0.50	0.025	59
0.50	0.030	55
0.50	0.035	73
0.50	0.040	51
0.50	0.045	64
0.50	0.050	65
0.50	0.055	90
0.50	0.060	93
0.50	0.065	111
0.50	0.070	169
0.50	0.075	1000
0.50	0.080	1000
0.50	0.085	1000
0.50	0.090	1000
0.50	0.095	1000
0.50	0.100	1000
0.50	0.105	1000
0.50	0.110	1000
0.50	0.115	1000
0.50	0.120	1000
0.50	0.125	1000
0.50	0.130	1000
0.50	0.135	1000
0.50	0.140	1000
0.50	0.145	1000
0.50	0.150	1000
0.50	0.155	1000
0.50	0.160	1000
0.50	0.165	1000
0.50	0.170	1000
0.50	0.175	1000
0.50	0.180	1000
0.50	0.185	1000
0.50	0.190	1000
0.50	0.195	1000

0.55	0.000	1000
0.55	0.005	145
0.55	0.010	111
0.55	0.015	62
0.55	0.020	81
0.55	0.025	58
0.55	0.030	53
0.55	0.035	48
0.55	0.040	57
0.55	0.045	64
0.55	0.050	53
0.55	0.055	74
0.55	0.060	83
0.55	0.065	101
0.55	0.070	158
0.55	0.075	185
0.55	0.080	1000
0.55	0.085	1000
0.55	0.090	1000
0.55	0.095	1000
0.55	0.100	1000
0.55	0.105	1000
0.55	0.110	1000
0.55	0.115	1000
0.55	0.120	1000
0.55	0.125	1000
0.55	0.130	1000
0.55	0.135	1000
0.55	0.140	1000
0.55	0.145	1000
0.55	0.150	1000
0.55	0.155	1000
0.55	0.160	1000
0.55	0.165	1000
0.55	0.170	1000
0.55	0.175	1000
0.55	0.180	1000
0.55	0.185	1000
0.55	0.190	1000
0.55	0.195	1000

0.60	0.000	1000
0.60	0.005	115
0.60	0.010	70
0.60	0.015	65
0.60	0.020	54
0.60	0.025	58
0.60	0.030	53
0.60	0.035	51
0.60	0.040	54
0.60	0.045	48
0.60	0.050	65
0.60	0.055	68
0.60	0.060	81
0.60	0.065	84
0.60	0.070	95
0.60	0.075	102
0.60	0.080	424
0.60	0.085	1000
0.60	0.090	1000
0.60	0.095	1000
0.60	0.100	1000
0.60	0.105	1000
0.60	0.110	1000
0.60	0.115	1000
0.60	0.120	1000
0.60	0.125	1000
0.60	0.130	1000
0.60	0.135	1000
0.60	0.140	1000
0.60	0.145	1000
0.60	0.150	1000
0.60	0.155	1000
0.60	0.160	1000
0.60	0.165	1000
0.60	0.170	1000
0.60	0.175	1000
0.60	0.180	1000
0.60	0.185	1000
0.60	0.190	1000
0.60	0.195	1000

0.65	0.000	1000
0.65	0.005	156
0.65	0.010	68
0.65	0.015	61
0.65	0.020	57
0.65	0.025	44
0.65	0.030	61
0.65	0.035	49
0.65	0.040	55
0.65	0.045	51
0.65	0.050	39
0.65	0.055	51
0.65	0.060	59
0.65	0.065	64
0.65	0.070	93
0.65	0.075	90
0.65	0.080	199
0.65	0.085	1000
0.65	0.090	1000
0.65	0.095	1000
0.65	0.100	1000
0.65	0.105	1000
0.65	0.110	1000
0.65	0.115	1000
0.65	0.120	1000
0.65	0.125	1000
0.65	0.130	1000
0.65	0.135	1000
0.65	0.140	1000
0.65	0.145	1000
0.65	0.150	1000
0.65	0.155	1000
0.65	0.160	1000
0.65	0.165	1000
0.65	0.170	1000
0.65	0.175	1000
0.65	0.180	1000
0.65	0.185	1000
0.65	0.190	1000
0.65	0.195	1000

0.70	0.000	1000
0.70	0.005	131
0.70	0.010	63
0.70	0.015	85
0.70	0.020	55
0.70	0.025	44
0.70	0.030	37
0.70	0.035	46
0.70	0.040	37
0.70	0.045	41
0.70	0.050	42
0.70	0.055	53
0.70	0.060	70
0.70	0.065	57
0.70	0.070	77
0.70	0.075	102
0.70	0.080	118
0.70	0.085	288
0.70	0.090	1000
0.70	0.095	1000
0.70	0.100	1000
0.70	0.105	1000
0.70	0.110	1000
0.70	0.115	1000
0.70	0.120	1000
0.70	0.125	1000
0.70	0.130	1000
0.70	0.135	1000
0.70	0.140	1000
0.70	0.145	1000
0.70	0.150	1000
0.70	0.155	1000
0.70	0.160	1000
0.70	0.165	1000
0.70	0.170	1000
0.70	0.175	1000
0.70	0.180	1000
0.70	0.185	1000
0.70	0.190	1000
0.70	0.195	1000

0.75	0.000	1000
0.75	0.005	107
0.75	0.010	62
0.75	0.015	43
0.75	0.020	45
0.75	0.025	39
0.75	0.030	36
0.75	0.035	35
0.75	0.040	45
0.75	0.045	36
0.75	0.050	48
0.75	0.055	46
0.75	0.060	47
0.75	0.065	54
0.75	0.070	69
0.75	0.075	80
0.75	0.080	106
0.75	0.085	133
0.75	0.090	1000
0.75	0.095	1000
0.75	0.100	1000
0.75	0.105	1000
0.75	0.110	1000
0.75	0.115	1000
0.75	0.120	1000
0.75	0.125	1000
0.75	0.130	1000
0.75	0.135	1000
0.75	0.140	1000
0.75	0.145	1000
0.75	0.150	1000
0.75	0.155	1000
0.75	0.160	1000
0.75	0.165	1000
0.75	0.170	1000
0.75	0.175	1000
0.75	0.180	1000
0.75	0.185	1000
0.75	0.190	1000
0.75	0.195	1000

0.80	0.000	1000
0.80	0.005	93
0.80	0.010	67
0.80	0.015	41
0.80	0.020	42
0.80	0.025	36
0.80	0.030	34
0.80	0.035	36
0.80	0.040	44
0.80	0.045	38
0.80	0.050	40
0.80	0.055	51
0.80	0.060	48
0.80	0.065	61
0.80	0.070	71
0.80	0.075	68
0.80	0.080	98
0.80	0.085	100
0.80	0.090	236
0.80	0.095	1000
0.80	0.100	1000
0.80	0.105	1000
0.80	0.110	1000
0.80	0.115	1000
0.80	0.120	1000
0.80	0.125	1000
0.80	0.130	1000
0.80	0.135	1000
0.80	0.140	1000
0.80	0.145	1000
0.80	0.150	1000
0.80	0.155	1000
0.80	0.160	1000
0.80	0.165	1000
0.80	0.170	1000
0.80	0.175	1000
0.80	0.180	1000
0.80	0.185	1000
0.80	0.190	1000
0.80	0.195	1000

0.85	0.000	1000
0.85	0.005	125
0.85	0.010	72
0.85	0.015	64
0.85	0.020	46
0.85	0.025	45
0.85	0.030	34
0.85	0.035	35
0.85	0.040	37
0.85	0.045	30
0.85	0.050	52
0.85	0.055	55
0.85	0.060	38
0.85	0.065	55
0.85	0.070	70
0.85	0.075	58
0.85	0.080	83
0.85	0.085	98
0.85	0.090	137
0.85	0.095	563
0.85	0.100	1000
0.85	0.105	1000
0.85	0.110	1000
0.85	0.115	1000
0.85	0.120	1000
0.85	0.125	1000
0.85	0.130	1000
0.85	0.135	1000
0.85	0.140	1000
0.85	0.145	1000
0.85	0.150	1000
0.85	0.155	1000
0.85	0.160	1000
0.85	0.165	1000
0.85	0.170	1000
0.85	0.175	1000
0.85	0.180	1000
0.85	0.185	1000
0.85	0.190	1000
0.85	0.195	1000

0.90	0.000	1000
0.90	0.005	113
0.90	0.010	41
0.90	0.015	44
0.90	0.020	35
0.90	0.025	35
0.90	0.030	34
0.90	0.035	33
0.90	0.040	42
0.90	0.045	34
0.90	0.050	31
0.90	0.055	38
0.90	0.060	37
0.90	0.065	52
0.90	0.070	58
0.90	0.075	60
0.90	0.080	82
0.90	0.085	101
0.90	0.090	111
0.90	0.095	210
0.90	0.100	1000
0.90	0.105	1000
0.90	0.110	1000
0.90	0.115	1000
0.90	0.120	1000
0.90	0.125	1000
0.90	0.130	1000
0.90	0.135	1000
0.90	0.140	1000
0.90	0.145	1000
0.90	0.150	1000
0.90	0.155	1000
0.90	0.160	1000
0.90	0.165	1000
0.90	0.170	1000
0.90	0.175	1000
0.90	0.180	1000
0.90	0.185	1000
0.90	0.190	1000
0.90	0.195	1000

0.95	0.000	1000
0.95	0.005	113
0.95	0.010	42
0.95	0.015	34
0.95	0.020	64
0.95	0.025	31
0.95	0.030	38
0.95	0.035	34
0.95	0.040	32
0.95	0.045	36
0.95	0.050	40
0.95	0.055	39
0.95	0.060	45
0.95	0.065	43
0.95	0.070	62
0.95	0.075	46
0.95	0.080	55
0.95	0.085	93
0.95	0.090	105
0.95	0.095	248
0.95	0.100	1000
0.95	0.105	1000
0.95	0.110	1000
0.95	0.115	1000
0.95	0.120	1000
0.95	0.125	1000
0.95	0.130	1000
0.95	0.135	1000
0.95	0.140	1000
0.95	0.145	1000
0.95	0.150	1000
0.95	0.155	1000
0.95	0.160	1000
0.95	0.165	1000
0.95	0.170	1000
0.95	0.175	1000
0.95	0.180	1000
0.95	0.185	1000
0.95	0.190	1000