0.00	0.000	1000
0.00	0.005	1000
0.00	0.010	1000
0.00	0.015	1000
0.00	0.020	1000
0.00	0.025	1000
0.00	0.030	1000
0.00	0.035	1000
0.00	0.040	1000
0.00	0.045	1000
0.00	0.050	1000
0.00	0.055	1000
0.00	0.060	1000
0.00	0.065	1000
0.00	0.070	1000
0.00	0.075	1000
0.00	0.080	1000
0.00	0.085	1000
0.00	0.090	1000
0.00	0.095	1000
0.00	0.100	1000
0.00	0.105	1000
0.00	0.110	1000
0.00	0.115	1000
0.00	0.120	1000
0.00	0.125	1000
0.00	0.130	1000
0.00	0.135	1000
0.00	0.140	1000
0.00	0.145	1000
0.00	0.150	1000
0.00	0.155	1000
0.00	0.160	1000
0.00	0.165	1000
0.00	0.170	1000
0.00	0.175	1000
0.00	0.180	1000
0.00	0.185	1000
0.00	0.190	1000
0.00	0.195	1000

0.05	0.000	1000
0.05	0.005	1000
0.05	0.010	1000
0.05	0.015	1000
0.05	0.020	1000
0.05	0.025	1000
0.05	0.030	1000
0.05	0.035	1000
0.05	0.040	1000
0.05	0.045	1000
0.05	0.050	1000
0.05	0.055	1000
0.05	0.060	1000
0.05	0.065	1000
0.05	0.070	1000
0.05	0.075	1000
0.05	0.080	1000
0.05	0.085	1000
0.05	0.090	1000
0.05	0.095	1000
0.05	0.100	1000
0.05	0.105	1000
0.05	0.110	1000
0.05	0.115	1000
0.05	0.120	1000
0.05	0.125	1000
0.05	0.130	1000
0.05	0.135	1000
0.05	0.140	1000
0.05	0.145	1000
0.05	0.150	1000
0.05	0.155	1000
0.05	0.160	1000
0.05	0.165	1000
0.05	0.170	1000
0.05	0.175	1000
0.05	0.180	1000
0.05	0.185	1000
0.05	0.190	1000
0.05	0.195	1000

0.10	0.000	1000
0.10	0.005	1000
0.10	0.010	1000
0.10	0.015	1000
0.10	0.020	1000
0.10	0.025	1000
0.10	0.030	1000
0.10	0.035	1000
0.10	0.040	1000
0.10	0.045	1000
0.10	0.050	1000
0.10	0.055	1000
0.10	0.060	1000
0.10	0.065	1000
0.10	0.070	1000
0.10	0.075	1000
0.10	0.080	1000
0.10	0.085	1000
0.10	0.090	1000
0.10	0.095	1000
0.10	0.100	1000
0.10	0.105	1000
0.10	0.110	1000
0.10	0.115	1000
0.10	0.120	1000
0.10	0.125	1000
0.10	0.130	1000
0.10	0.135	1000
0.10	0.140	1000
0.10	0.145	1000
0.10	0.150	1000
0.10	0.155	1000
0.10	0.160	1000
0.10	0.165	1000
0.10	0.170	1000
0.10	0.175	1000
0.10	0.180	1000
0.10	0.185	1000
0.10	0.190	1000
0.10	0.195	1000

0.15	0.000	1000
0.15	0.005	1000
0.15	0.010	1000
0.15	0.015	1000
0.15	0.020	1000
0.15	0.025	1000
0.15	0.030	1000
0.15	0.035	530
0.15	0.040	1000
0.15	0.045	1000
0.15	0.050	1000
0.15	0.055	1000
0.15	0.060	1000
0.15	0.065	1000
0.15	0.070	1000
0.15	0.075	1000
0.15	0.080	1000
0.15	0.085	1000
0.15	0.090	1000
0.15	0.095	1000
0.15	0.100	1000
0.15	0.105	1000
0.15	0.110	1000
0.15	0.115	1000
0.15	0.120	1000
0.15	0.125	1000
0.15	0.130	1000
0.15	0.135	1000
0.15	0.140	1000
0.15	0.145	1000
0.15	0.150	1000
0.15	0.155	1000
0.15	0.160	1000
0.15	0.165	1000
0.15	0.170	1000
0.15	0.175	1000
0.15	0.180	1000
0.15	0.185	1000
0.15	0.190	1000
0.15	0.195	1000

0.20	0.000	1000
0.20	0.005	1000
0.20	0.010	1000
0.20	0.015	1000
0.20	0.020	1000
0.20	0.025	1000
0.20	0.030	1000
0.20	0.035	383
0.20	0.040	1000
0.20	0.045	1000
0.20	0.050	1000
0.20	0.055	1000
0.20	0.060	1000
0.20	0.065	1000
0.20	0.070	1000
0.20	0.075	1000
0.20	0.080	1000
0.20	0.085	1000
0.20	0.090	1000
0.20	0.095	1000
0.20	0.100	1000
0.20	0.105	1000
0.20	0.110	1000
0.20	0.115	1000
0.20	0.120	1000
0.20	0.125	1000
0.20	0.130	1000
0.20	0.135	1000
0.20	0.140	1000
0.20	0.145	1000
0.20	0.150	1000
0.20	0.155	1000
0.20	0.160	1000
0.20	0.165	1000
0.20	0.170	1000
0.20	0.175	1000
0.20	0.180	1000
0.20	0.185	1000
0.20	0.190	1000
0.20	0.195	1000

0.25	0.000	1000
0.25	0.005	1000
0.25	0.010	1000
0.25	0.015	1000
0.25	0.020	1000
0.25	0.025	1000
0.25	0.030	282
0.25	0.035	443
0.25	0.040	332
0.25	0.045	401
0.25	0.050	1000
0.25	0.055	1000
0.25	0.060	1000
0.25	0.065	1000
0.25	0.070	1000
0.25	0.075	1000
0.25	0.080	1000
0.25	0.085	1000
0.25	0.090	1000
0.25	0.095	1000
0.25	0.100	1000
0.25	0.105	1000
0.25	0.110	1000
0.25	0.115	1000
0.25	0.120	1000
0.25	0.125	1000
0.25	0.130	1000
0.25	0.135	1000
0.25	0.140	1000
0.25	0.145	1000
0.25	0.150	1000
0.25	0.155	1000
0.25	0.160	1000
0.25	0.165	1000
0.25	0.170	1000
0.25	0.175	1000
0.25	0.180	1000
0.25	0.185	1000
0.25	0.190	1000
0.25	0.195	1000

0.30	0.000	1000
0.30	0.005	1000
0.30	0.010	1000
0.30	0.015	1000
0.30	0.020	1000
0.30	0.025	1000
0.30	0.030	384
0.30	0.035	290
0.30	0.040	252
0.30	0.045	340
0.30	0.050	1000
0.30	0.055	510
0.30	0.060	1000
0.30	0.065	1000
0.30	0.070	1000
0.30	0.075	1000
0.30	0.080	1000
0.30	0.085	1000
0.30	0.090	1000
0.30	0.095	1000
0.30	0.100	1000
0.30	0.105	1000
0.30	0.110	1000
0.30	0.115	1000
0.30	0.120	1000
0.30	0.125	1000
0.30	0.130	1000
0.30	0.135	1000
0.30	0.140	1000
0.30	0.145	1000
0.30	0.150	1000
0.30	0.155	1000
0.30	0.160	1000
0.30	0.165	1000
0.30	0.170	1000
0.30	0.175	1000
0.30	0.180	1000
0.30	0.185	1000
0.30	0.190	1000
0.30	0.195	1000

0.35	0.000	1000
0.35	0.005	1000
0.35	0.010	1000
0.35	0.015	1000
0.35	0.020	1000
0.35	0.025	1000
0.35	0.030	313
0.35	0.035	169
0.35	0.040	187
0.35	0.045	218
0.35	0.050	220
0.35	0.055	1000
0.35	0.060	1000
0.35	0.065	1000
0.35	0.070	1000
0.35	0.075	1000
0.35	0.080	1000
0.35	0.085	1000
0.35	0.090	1000
0.35	0.095	1000
0.35	0.100	1000
0.35	0.105	1000
0.35	0.110	1000
0.35	0.115	1000
0.35	0.120	1000
0.35	0.125	1000
0.35	0.130	1000
0.35	0.135	1000
0.35	0.140	1000
0.35	0.145	1000
0.35	0.150	1000
0.35	0.155	1000
0.35	0.160	1000
0.35	0.165	1000
0.35	0.170	1000
0.35	0.175	1000
0.35	0.180	1000
0.35	0.185	1000
0.35	0.190	1000
0.35	0.195	1000

0.40	0.000	1000
0.40	0.005	1000
0.40	0.010	1000
0.40	0.015	1000
0.40	0.020	1000
0.40	0.025	1000
0.40	0.030	1000
0.40	0.035	180
0.40	0.040	163
0.40	0.045	141
0.40	0.050	280
0.40	0.055	229
0.40	0.060	1000
0.40	0.065	1000
0.40	0.070	1000
0.40	0.075	1000
0.40	0.080	1000
0.40	0.085	1000
0.40	0.090	1000
0.40	0.095	1000
0.40	0.100	1000
0.40	0.105	1000
0.40	0.110	1000
0.40	0.115	1000
0.40	0.120	1000
0.40	0.125	1000
0.40	0.130	1000
0.40	0.135	1000
0.40	0.140	1000
0.40	0.145	1000
0.40	0.150	1000
0.40	0.155	1000
0.40	0.160	1000
0.40	0.165	1000
0.40	0.170	1000
0.40	0.175	1000
0.40	0.180	1000
0.40	0.185	1000
0.40	0.190	1000
0.40	0.195	1000

0.45	0.000	1000
0.45	0.005	1000
0.45	0.010	1000
0.45	0.015	1000
0.45	0.020	1000
0.45	0.025	1000
0.45	0.030	1000
0.45	0.035	160
0.45	0.040	272
0.45	0.045	116
0.45	0.050	177
0.45	0.055	177
0.45	0.060	307
0.45	0.065	1000
0.45	0.070	1000
0.45	0.075	1000
0.45	0.080	1000
0.45	0.085	1000
0.45	0.090	1000
0.45	0.095	1000
0.45	0.100	1000
0.45	0.105	1000
0.45	0.110	1000
0.45	0.115	1000
0.45	0.120	1000
0.45	0.125	1000
0.45	0.130	1000
0.45	0.135	1000
0.45	0.140	1000
0.45	0.145	1000
0.45	0.150	1000
0.45	0.155	1000
0.45	0.160	1000
0.45	0.165	1000
0.45	0.170	1000
0.45	0.175	1000
0.45	0.180	1000
0.45	0.185	1000
0.45	0.190	1000
0.45	0.195	1000

0.50	0.000	1000
0.50	0.005	1000
0.50	0.010	1000
0.50	0.015	1000
0.50	0.020	1000
0.50	0.025	1000
0.50	0.030	1000
0.50	0.035	127
0.50	0.040	123
0.50	0.045	131
0.50	0.050	127
0.50	0.055	137
0.50	0.060	180
0.50	0.065	246
0.50	0.070	1000
0.50	0.075	1000
0.50	0.080	1000
0.50	0.085	1000
0.50	0.090	1000
0.50	0.095	1000
0.50	0.100	1000
0.50	0.105	1000
0.50	0.110	1000
0.50	0.115	1000
0.50	0.120	1000
0.50	0.125	1000
0.50	0.130	1000
0.50	0.135	1000
0.50	0.140	1000
0.50	0.145	1000
0.50	0.150	1000
0.50	0.155	1000
0.50	0.160	1000
0.50	0.165	1000
0.50	0.170	1000
0.50	0.175	1000
0.50	0.180	1000
0.50	0.185	1000
0.50	0.190	1000
0.50	0.195	1000

0.55	0.000	1000
0.55	0.005	1000
0.55	0.010	1000
0.55	0.015	1000
0.55	0.020	1000
0.55	0.025	1000
0.55	0.030	1000
0.55	0.035	223
0.55	0.040	108
0.55	0.045	119
0.55	0.050	100
0.55	0.055	141
0.55	0.060	246
0.55	0.065	203
0.55	0.070	438
0.55	0.075	1000
0.55	0.080	1000
0.55	0.085	1000
0.55	0.090	1000
0.55	0.095	1000
0.55	0.100	1000
0.55	0.105	1000
0.55	0.110	1000
0.55	0.115	1000
0.55	0.120	1000
0.55	0.125	1000
0.55	0.130	1000
0.55	0.135	1000
0.55	0.140	1000
0.55	0.145	1000
0.55	0.150	1000
0.55	0.155	1000
0.55	0.160	1000
0.55	0.165	1000
0.55	0.170	1000
0.55	0.175	1000
0.55	0.180	1000
0.55	0.185	1000
0.55	0.190	1000
0.55	0.195	1000

0.60	0.000	1000
0.60	0.005	1000
0.60	0.010	1000
0.60	0.015	1000
0.60	0.020	1000
0.60	0.025	1000
0.60	0.030	1000
0.60	0.035	185
0.60	0.040	111
0.60	0.045	104
0.60	0.050	106
0.60	0.055	116
0.60	0.060	165
0.60	0.065	168
0.60	0.070	224
0.60	0.075	1000
0.60	0.080	1000
0.60	0.085	1000
0.60	0.090	1000
0.60	0.095	1000
0.60	0.100	1000
0.60	0.105	1000
0.60	0.110	1000
0.60	0.115	1000
0.60	0.120	1000
0.60	0.125	1000
0.60	0.130	1000
0.60	0.135	1000
0.60	0.140	1000
0.60	0.145	1000
0.60	0.150	1000
0.60	0.155	1000
0.60	0.160	1000
0.60	0.165	1000
0.60	0.170	1000
0.60	0.175	1000
0.60	0.180	1000
0.60	0.185	1000
0.60	0.190	1000
0.60	0.195	1000

0.65	0.000	1000
0.65	0.005	1000
0.65	0.010	1000
0.65	0.015	1000
0.65	0.020	1000
0.65	0.025	1000
0.65	0.030	1000
0.65	0.035	1000
0.65	0.040	122
0.65	0.045	93
0.65	0.050	111
0.65	0.055	113
0.65	0.060	148
0.65	0.065	220
0.65	0.070	214
0.65	0.075	340
0.65	0.080	1000
0.65	0.085	1000
0.65	0.090	1000
0.65	0.095	1000
0.65	0.100	1000
0.65	0.105	1000
0.65	0.110	1000
0.65	0.115	1000
0.65	0.120	1000
0.65	0.125	1000
0.65	0.130	1000
0.65	0.135	1000
0.65	0.140	1000
0.65	0.145	1000
0.65	0.150	1000
0.65	0.155	1000
0.65	0.160	1000
0.65	0.165	1000
0.65	0.170	1000
0.65	0.175	1000
0.65	0.180	1000
0.65	0.185	1000
0.65	0.190	1000
0.65	0.195	1000

0.70	0.000	1000
0.70	0.005	1000
0.70	0.010	1000
0.70	0.015	1000
0.70	0.020	1000
0.70	0.025	1000
0.70	0.030	1000
0.70	0.035	1000
0.70	0.040	152
0.70	0.045	114
0.70	0.050	130
0.70	0.055	141
0.70	0.060	160
0.70	0.065	131
0.70	0.070	205
0.70	0.075	280
0.70	0.080	1000
0.70	0.085	1000
0.70	0.090	1000
0.70	0.095	1000
0.70	0.100	1000
0.70	0.105	1000
0.70	0.110	1000
0.70	0.115	1000
0.70	0.120	1000
0.70	0.125	1000
0.70	0.130	1000
0.70	0.135	1000
0.70	0.140	1000
0.70	0.145	1000
0.70	0.150	1000
0.70	0.155	1000
0.70	0.160	1000
0.70	0.165	1000
0.70	0.170	1000
0.70	0.175	1000
0.70	0.180	1000
0.70	0.185	1000
0.70	0.190	1000
0.70	0.195	1000

0.75	0.000	1000
0.75	0.005	1000
0.75	0.010	1000
0.75	0.015	1000
0.75	0.020	1000
0.75	0.025	1000
0.75	0.030	1000
0.75	0.035	1000
0.75	0.040	1000
0.75	0.045	110
0.75	0.050	111
0.75	0.055	119
0.75	0.060	102
0.75	0.065	96
0.75	0.070	126
0.75	0.075	199
0.75	0.080	312
0.75	0.085	1000
0.75	0.090	1000
0.75	0.095	1000
0.75	0.100	1000
0.75	0.105	1000
0.75	0.110	1000
0.75	0.115	1000
0.75	0.120	1000
0.75	0.125	1000
0.75	0.130	1000
0.75	0.135	1000
0.75	0.140	1000
0.75	0.145	1000
0.75	0.150	1000
0.75	0.155	1000
0.75	0.160	1000
0.75	0.165	1000
0.75	0.170	1000
0.75	0.175	1000
0.75	0.180	1000
0.75	0.185	1000
0.75	0.190	1000
0.75	0.195	1000

0.80	0.000	1000
0.80	0.005	1000
0.80	0.010	1000
0.80	0.015	1000
0.80	0.020	1000
0.80	0.025	1000
0.80	0.030	1000
0.80	0.035	1000
0.80	0.040	183
0.80	0.045	192
0.80	0.050	90
0.80	0.055	94
0.80	0.060	80
0.80	0.065	127
0.80	0.070	121
0.80	0.075	222
0.80	0.080	268
0.80	0.085	1000
0.80	0.090	1000
0.80	0.095	1000
0.80	0.100	1000
0.80	0.105	1000
0.80	0.110	1000
0.80	0.115	1000
0.80	0.120	1000
0.80	0.125	1000
0.80	0.130	1000
0.80	0.135	1000
0.80	0.140	1000
0.80	0.145	1000
0.80	0.150	1000
0.80	0.155	1000
0.80	0.160	1000
0.80	0.165	1000
0.80	0.170	1000
0.80	0.175	1000
0.80	0.180	1000
0.80	0.185	1000
0.80	0.190	1000
0.80	0.195	1000

0.85	0.000	1000
0.85	0.005	1000
0.85	0.010	1000
0.85	0.015	1000
0.85	0.020	1000
0.85	0.025	1000
0.85	0.030	1000
0.85	0.035	1000
0.85	0.040	1000
0.85	0.045	119
0.85	0.050	87
0.85	0.055	87
0.85	0.060	93
0.85	0.065	90
0.85	0.070	130
0.85	0.075	175
0.85	0.080	214
0.85	0.085	438
0.85	0.090	1000
0.85	0.095	1000
0.85	0.100	1000
0.85	0.105	1000
0.85	0.110	1000
0.85	0.115	1000
0.85	0.120	1000
0.85	0.125	1000
0.85	0.130	1000
0.85	0.135	1000
0.85	0.140	1000
0.85	0.145	1000
0.85	0.150	1000
0.85	0.155	1000
0.85	0.160	1000
0.85	0.165	1000
0.85	0.170	1000
0.85	0.175	1000
0.85	0.180	1000
0.85	0.185	1000
0.85	0.190	1000
0.85	0.195	1000

0.90	0.000	1000
0.90	0.005	1000
0.90	0.010	1000
0.90	0.015	1000
0.90	0.020	1000
0.90	0.025	1000
0.90	0.030	1000
0.90	0.035	1000
0.90	0.040	1000
0.90	0.045	264
0.90	0.050	105
0.90	0.055	75
0.90	0.060	75
0.90	0.065	95
0.90	0.070	112
0.90	0.075	139
0.90	0.080	148
0.90	0.085	1000
0.90	0.090	1000
0.90	0.095	1000
0.90	0.100	1000
0.90	0.105	1000
0.90	0.110	1000
0.90	0.115	1000
0.90	0.120	1000
0.90	0.125	1000
0.90	0.130	1000
0.90	0.135	1000
0.90	0.140	1000
0.90	0.145	1000
0.90	0.150	1000
0.90	0.155	1000
0.90	0.160	1000
0.90	0.165	1000
0.90	0.170	1000
0.90	0.175	1000
0.90	0.180	1000
0.90	0.185	1000
0.90	0.190	1000
0.90	0.195	1000

0.95	0.000	1000
0.95	0.005	1000
0.95	0.010	1000
0.95	0.015	1000
0.95	0.020	1000
0.95	0.025	1000
0.95	0.030	1000
0.95	0.035	1000
0.95	0.040	1000
0.95	0.045	186
0.95	0.050	95
0.95	0.055	71
0.95	0.060	86
0.95	0.065	107
0.95	0.070	104
0.95	0.075	127
0.95	0.080	181
0.95	0.085	143
0.95	0.090	1000
0.95	0.095	1000
0.95	0.100	1000
0.95	0.105	1000
0.95	0.110	1000
0.95	0.115	1000
0.95	0.120	1000
0.95	0.125	1000
0.95	0.130	1000
0.95	0.135	1000
0.95	0.140	1000
0.95	0.145	1000
0.95	0.150	1000
0.95	0.155	1000
0.95	0.160	1000
0.95	0.165	1000
0.95	0.170	1000
0.95	0.175	1000
0.95	0.180	1000
0.95	0.185	1000
0.95	0.190	1000
0.95	0.195	1000
