0.00	0.000	1000
0.00	0.005	1000
0.00	0.010	1000
0.00	0.015	1000
0.00	0.020	1000
0.00	0.025	1000
0.00	0.030	1000
0.00	0.035	1000
0.00	0.040	1000
0.00	0.045	1000
0.00	0.050	1000
0.00	0.055	1000
0.00	0.060	1000
0.00	0.065	1000
0.00	0.070	1000
0.00	0.075	1000
0.00	0.080	1000
0.00	0.085	1000
0.00	0.090	1000
0.00	0.095	1000
0.00	0.100	1000
0.00	0.105	1000
0.00	0.110	1000
0.00	0.115	1000
0.00	0.120	1000
0.00	0.125	1000
0.00	0.130	1000
0.00	0.135	1000
0.00	0.140	1000
0.00	0.145	1000
0.00	0.150	1000
0.00	0.155	1000
0.00	0.160	1000
0.00	0.165	1000
0.00	0.170	1000
0.00	0.175	1000
0.00	0.180	1000
0.00	0.185	1000
0.00	0.190	1000
0.00	0.195	1000

0.05	0.000	1000
0.05	0.005	1000
0.05	0.010	1000
0.05	0.015	1000
0.05	0.020	1000
0.05	0.025	1000
0.05	0.030	1000
0.05	0.035	1000
0.05	0.040	1000
0.05	0.045	1000
0.05	0.050	1000
0.05	0.055	1000
0.05	0.060	1000
0.05	0.065	1000
0.05	0.070	1000
0.05	0.075	1000
0.05	0.080	1000
0.05	0.085	1000
0.05	0.090	1000
0.05	0.095	1000
0.05	0.100	1000
0.05	0.105	1000
0.05	0.110	1000
0.05	0.115	1000
0.05	0.120	1000
0.05	0.125	1000
0.05	0.130	1000
0.05	0.135	1000
0.05	0.140	1000
0.05	0.145	1000
0.05	0.150	1000
0.05	0.155	1000
0.05	0.160	1000
0.05	0.165	1000
0.05	0.170	1000
0.05	0.175	1000
0.05	0.180	1000
0.05	0.185	1000
0.05	0.190	1000
0.05	0.195	1000

0.10	0.000	1000
0.10	0.005	1000
0.10	0.010	1000
0.10	0.015	1000
0.10	0.020	1000
0.10	0.025	1000
0.10	0.030	1000
0.10	0.035	1000
0.10	0.040	1000
0.10	0.045	1000
0.10	0.050	1000
0.10	0.055	1000
0.10	0.060	1000
0.10	0.065	1000
0.10	0.070	1000
0.10	0.075	1000
0.10	0.080	1000
0.10	0.085	1000
0.10	0.090	1000
0.10	0.095	1000
0.10	0.100	1000
0.10	0.105	1000
0.10	0.110	1000
0.10	0.115	1000
0.10	0.120	1000
0.10	0.125	1000
0.10	0.130	1000
0.10	0.135	1000
0.10	0.140	1000
0.10	0.145	1000
0.10	0.150	1000
0.10	0.155	1000
0.10	0.160	1000
0.10	0.165	1000
0.10	0.170	1000
0.10	0.175	1000
0.10	0.180	1000
0.10	0.185	1000
0.10	0.190	1000
0.10	0.195	1000

0.15	0.000	1000
0.15	0.005	320
0.15	0.010	590
0.15	0.015	1000
0.15	0.020	1000
0.15	0.025	1000
0.15	0.030	1000
0.15	0.035	1000
0.15	0.040	1000
0.15	0.045	1000
0.15	0.050	1000
0.15	0.055	1000
0.15	0.060	1000
0.15	0.065	1000
0.15	0.070	1000
0.15	0.075	1000
0.15	0.080	1000
0.15	0.085	1000
0.15	0.090	1000
0.15	0.095	1000
0.15	0.100	1000
0.15	0.105	1000
0.15	0.110	1000
0.15	0.115	1000
0.15	0.120	1000
0.15	0.125	1000
0.15	0.130	1000
0.15	0.135	1000
0.15	0.140	1000
0.15	0.145	1000
0.15	0.150	1000
0.15	0.155	1000
0.15	0.160	1000
0.15	0.165	1000
0.15	0.170	1000
0.15	0.175	1000
0.15	0.180	1000
0.15	0.185	1000
0.15	0.190	1000
0.15	0.195	1000

0.20	0.000	1000
0.20	0.005	264
0.20	0.010	408
0.20	0.015	1000
0.20	0.020	1000
0.20	0.025	1000
0.20	0.030	1000
0.20	0.035	1000
0.20	0.040	1000
0.20	0.045	1000
0.20	0.050	1000
0.20	0.055	1000
0.20	0.060	1000
0.20	0.065	1000
0.20	0.070	1000
0.20	0.075	1000
0.20	0.080	1000
0.20	0.085	1000
0.20	0.090	1000
0.20	0.095	1000
0.20	0.100	1000
0.20	0.105	1000
0.20	0.110	1000
0.20	0.115	1000
0.20	0.120	1000
0.20	0.125	1000
0.20	0.130	1000
0.20	0.135	1000
0.20	0.140	1000
0.20	0.145	1000
0.20	0.150	1000
0.20	0.155	1000
0.20	0.160	1000
0.20	0.165	1000
0.20	0.170	1000
0.20	0.175	1000
0.20	0.180	1000
0.20	0.185	1000
0.20	0.190	1000
0.20	0.195	1000

0.25	0.000	1000
0.25	0.005	237
0.25	0.010	259
0.25	0.015	273
0.25	0.020	1000
0.25	0.025	1000
0.25	0.030	1000
0.25	0.035	1000
0.25	0.040	1000
0.25	0.045	1000
0.25	0.050	1000
0.25	0.055	1000
0.25	0.060	1000
0.25	0.065	1000
0.25	0.070	1000
0.25	0.075	1000
0.25	0.080	1000
0.25	0.085	1000
0.25	0.090	1000
0.25	0.095	1000
0.25	0.100	1000
0.25	0.105	1000
0.25	0.110	1000
0.25	0.115	1000
0.25	0.120	1000
0.25	0.125	1000
0.25	0.130	1000
0.25	0.135	1000
0.25	0.140	1000
0.25	0.145	1000
0.25	0.150	1000
0.25	0.155	1000
0.25	0.160	1000
0.25	0.165	1000
0.25	0.170	1000
0.25	0.175	1000
0.25	0.180	1000
0.25	0.185	1000
0.25	0.190	1000
0.25	0.195	1000

0.30	0.000	1000
0.30	0.005	165
0.30	0.010	135
0.30	0.015	178
0.30	0.020	408
0.30	0.025	1000
0.30	0.030	1000
0.30	0.035	1000
0.30	0.040	1000
0.30	0.045	1000
0.30	0.050	1000
0.30	0.055	1000
0.30	0.060	1000
0.30	0.065	1000
0.30	0.070	1000
0.30	0.075	1000
0.30	0.080	1000
0.30	0.085	1000
0.30	0.090	1000
0.30	0.095	1000
0.30	0.100	1000
0.30	0.105	1000
0.30	0.110	1000
0.30	0.115	1000
0.30	0.120	1000
0.30	0.125	1000
0.30	0.130	1000
0.30	0.135	1000
0.30	0.140	1000
0.30	0.145	1000
0.30	0.150	1000
0.30	0.155	1000
0.30	0.160	1000
0.30	0.165	1000
0.30	0.170	1000
0.30	0.175	1000
0.30	0.180	1000
0.30	0.185	1000
0.30	0.190	1000
0.30	0.195	1000

0.35	0.000	1000
0.35	0.005	104
0.35	0.010	104
0.35	0.015	131
0.35	0.020	249
0.35	0.025	1000
0.35	0.030	1000
0.35	0.035	1000
0.35	0.040	1000
0.35	0.045	1000
0.35	0.050	1000
0.35	0.055	1000
0.35	0.060	1000
0.35	0.065	1000
0.35	0.070	1000
0.35	0.075	1000
0.35	0.080	1000
0.35	0.085	1000
0.35	0.090	1000
0.35	0.095	1000
0.35	0.100	1000
0.35	0.105	1000
0.35	0.110	1000
0.35	0.115	1000
0.35	0.120	1000
0.35	0.125	1000
0.35	0.130	1000
0.35	0.135	1000
0.35	0.140	1000
0.35	0.145	1000
0.35	0.150	1000
0.35	0.155	1000
0.35	0.160	1000
0.35	0.165	1000
0.35	0.170	1000
0.35	0.175	1000
0.35	0.180	1000
0.35	0.185	1000
0.35	0.190	1000
0.35	0.195	1000

0.40	0.000	1000
0.40	0.005	104
0.40	0.010	112
0.40	0.015	128
0.40	0.020	150
0.40	0.025	258
0.40	0.030	1000
0.40	0.035	1000
0.40	0.040	1000
0.40	0.045	1000
0.40	0.050	1000
0.40	0.055	1000
0.40	0.060	1000
0.40	0.065	1000
0.40	0.070	1000
0.40	0.075	1000
0.40	0.080	1000
0.40	0.085	1000
0.40	0.090	1000
0.40	0.095	1000
0.40	0.100	1000
0.40	0.105	1000
0.40	0.110	1000
0.40	0.115	1000
0.40	0.120	1000
0.40	0.125	1000
0.40	0.130	1000
0.40	0.135	1000
0.40	0.140	1000
0.40	0.145	1000
0.40	0.150	1000
0.40	0.155	1000
0.40	0.160	1000
0.40	0.165	1000
0.40	0.170	1000
0.40	0.175	1000
0.40	0.180	1000
0.40	0.185	1000
0.40	0.190	1000
0.40	0.195	1000

0.45	0.000	1000
0.45	0.005	97
0.45	0.010	92
0.45	0.015	82
0.45	0.020	155
0.45	0.025	181
0.45	0.030	262
0.45	0.035	1000
0.45	0.040	1000
0.45	0.045	1000
0.45	0.050	1000
0.45	0.055	1000
0.45	0.060	1000
0.45	0.065	1000
0.45	0.070	1000
0.45	0.075	1000
0.45	0.080	1000
0.45	0.085	1000
0.45	0.090	1000
0.45	0.095	1000
0.45	0.100	1000
0.45	0.105	1000
0.45	0.110	1000
0.45	0.115	1000
0.45	0.120	1000
0.45	0.125	1000
0.45	0.130	1000
0.45	0.135	1000
0.45	0.140	1000
0.45	0.145	1000
0.45	0.150	1000
0.45	0.155	1000
0.45	0.160	1000
0.45	0.165	1000
0.45	0.170	1000
0.45	0.175	1000
0.45	0.180	1000
0.45	0.185	1000
0.45	0.190	1000
0.45	0.195	1000

0.50	0.000	1000
0.50	0.005	83
0.50	0.010	67
0.50	0.015	70
0.50	0.020	89
0.50	0.025	119
0.50	0.030	190
0.50	0.035	1000
0.50	0.040	1000
0.50	0.045	1000
0.50	0.050	1000
0.50	0.055	1000
0.50	0.060	1000
0.50	0.065	1000
0.50	0.070	1000
0.50	0.075	1000
0.50	0.080	1000
0.50	0.085	1000
0.50	0.090	1000
0.50	0.095	1000
0.50	0.100	1000
0.50	0.105	1000
0.50	0.110	1000
0.50	0.115	1000
0.50	0.120	1000
0.50	0.125	1000
0.50	0.130	1000
0.50	0.135	1000
0.50	0.140	1000
0.50	0.145	1000
0.50	0.150	1000
0.50	0.155	1000
0.50	0.160	1000
0.50	0.165	1000
0.50	0.170	1000
0.50	0.175	1000
0.50	0.180	1000
0.50	0.185	1000
0.50	0.190	1000
0.50	0.195	1000

0.55	0.000	1000
0.55	0.005	77
0.55	0.010	70
0.55	0.015	53
0.55	0.020	103
0.55	0.025	123
0.55	0.030	124
0.55	0.035	268
0.55	0.040	1000
0.55	0.045	1000
0.55	0.050	1000
0.55	0.055	1000
0.55	0.060	1000
0.55	0.065	1000
0.55	0.070	1000
0.55	0.075	1000
0.55	0.080	1000
0.55	0.085	1000
0.55	0.090	1000
0.55	0.095	1000
0.55	0.100	1000
0.55	0.105	1000
0.55	0.110	1000
0.55	0.115	1000
0.55	0.120	1000
0.55	0.125	1000
0.55	0.130	1000
0.55	0.135	1000
0.55	0.140	1000
0.55	0.145	1000
0.55	0.150	1000
0.55	0.155	1000
0.55	0.160	1000
0.55	0.165	1000
0.55	0.170	1000
0.55	0.175	1000
0.55	0.180	1000
0.55	0.185	1000
0.55	0.190	1000
0.55	0.195	1000

0.60	0.000	1000
0.60	0.005	61
0.60	0.010	53
0.60	0.015	61
0.60	0.020	86
0.60	0.025	109
0.60	0.030	97
0.60	0.035	168
0.60	0.040	352
0.60	0.045	1000
0.60	0.050	1000
0.60	0.055	1000
0.60	0.060	1000
0.60	0.065	1000
0.60	0.070	1000
0.60	0.075	1000
0.60	0.080	1000
0.60	0.085	1000
0.60	0.090	1000
0.60	0.095	1000
0.60	0.100	1000
0.60	0.105	1000
0.60	0.110	1000
0.60	0.115	1000
0.60	0.120	1000
0.60	0.125	1000
0.60	0.130	1000
0.60	0.135	1000
0.60	0.140	1000
0.60	0.145	1000
0.60	0.150	1000
0.60	0.155	1000
0.60	0.160	1000
0.60	0.165	1000
0.60	0.170	1000
0.60	0.175	1000
0.60	0.180	1000
0.60	0.185	1000
0.60	0.190	1000
0.60	0.195	1000

0.65	0.000	1000
0.65	0.005	46
0.65	0.010	71
0.65	0.015	55
0.65	0.020	55
0.65	0.025	84
0.65	0.030	76
0.65	0.035	120
0.65	0.040	142
0.65	0.045	1000
0.65	0.050	1000
0.65	0.055	1000
0.65	0.060	1000
0.65	0.065	1000
0.65	0.070	1000
0.65	0.075	1000
0.65	0.080	1000
0.65	0.085	1000
0.65	0.090	1000
0.65	0.095	1000
0.65	0.100	1000
0.65	0.105	1000
0.65	0.110	1000
0.65	0.115	1000
0.65	0.120	1000
0.65	0.125	1000
0.65	0.130	1000
0.65	0.135	1000
0.65	0.140	1000
0.65	0.145	1000
0.65	0.150	1000
0.65	0.155	1000
0.65	0.160	1000
0.65	0.165	1000
0.65	0.170	1000
0.65	0.175	1000
0.65	0.180	1000
0.65	0.185	1000
0.65	0.190	1000
0.65	0.195	1000

0.70	0.000	1000
0.70	0.005	47
0.70	0.010	59
0.70	0.015	45
0.70	0.020	65
0.70	0.025	61
0.70	0.030	83
0.70	0.035	123
0.70	0.040	170
0.70	0.045	264
0.70	0.050	1000
0.70	0.055	1000
0.70	0.060	1000
0.70	0.065	1000
0.70	0.070	1000
0.70	0.075	1000
0.70	0.080	1000
0.70	0.085	1000
0.70	0.090	1000
0.70	0.095	1000
0.70	0.100	1000
0.70	0.105	1000
0.70	0.110	1000
0.70	0.115	1000
0.70	0.120	1000
0.70	0.125	1000
0.70	0.130	1000
0.70	0.135	1000
0.70	0.140	1000
0.70	0.145	1000
0.70	0.150	1000
0.70	0.155	1000
0.70	0.160	1000
0.70	0.165	1000
0.70	0.170	1000
0.70	0.175	1000
0.70	0.180	1000
0.70	0.185	1000
0.70	0.190	1000
0.70	0.195	1000

0.75	0.000	1000
0.75	0.005	34
0.75	0.010	34
0.75	0.015	51
0.75	0.020	59
0.75	0.025	46
0.75	0.030	72
0.75	0.035	86
0.75	0.040	126
0.75	0.045	175
0.75	0.050	534
0.75	0.055	1000
0.75	0.060	1000
0.75	0.065	1000
0.75	0.070	1000
0.75	0.075	1000
0.75	0.080	1000
0.75	0.085	1000
0.75	0.090	1000
0.75	0.095	1000
0.75	0.100	1000
0.75	0.105	1000
0.75	0.110	1000
0.75	0.115	1000
0.75	0.120	1000
0.75	0.125	1000
0.75	0.130	1000
0.75	0.135	1000
0.75	0.140	1000
0.75	0.145	1000
0.75	0.150	1000
0.75	0.155	1000
0.75	0.160	1000
0.75	0.165	1000
0.75	0.170	1000
0.75	0.175	1000
0.75	0.180	1000
0.75	0.185	1000
0.75	0.190	1000
0.75	0.195	1000

0.80	0.000	1000
0.80	0.005	50
0.80	0.010	42
0.80	0.015	41
0.80	0.020	62
0.80	0.025	50
0.80	0.030	58
0.80	0.035	76
0.80	0.040	79
0.80	0.045	158
0.80	0.050	167
0.80	0.055	1000
0.80	0.060	1000
0.80	0.065	1000
0.80	0.070	1000
0.80	0.075	1000
0.80	0.080	1000
0.80	0.085	1000
0.80	0.090	1000
0.80	0.095	1000
0.80	0.100	1000
0.80	0.105	1000
0.80	0.110	1000
0.80	0.115	1000
0.80	0.120	1000
0.80	0.125	1000
0.80	0.130	1000
0.80	0.135	1000
0.80	0.140	1000
0.80	0.145	1000
0.80	0.150	1000
0.80	0.155	1000
0.80	0.160	1000
0.80	0.165	1000
0.80	0.170	1000
0.80	0.175	1000
0.80	0.180	1000
0.80	0.185	1000
0.80	0.190	1000
0.80	0.195	1000

0.85	0.000	1000
0.85	0.005	36
0.85	0.010	31
0.85	0.015	34
0.85	0.020	44
0.85	0.025	38
0.85	0.030	54
0.85	0.035	73
0.85	0.040	74
0.85	0.045	135
0.85	0.050	163
0.85	0.055	336
0.85	0.060	1000
0.85	0.065	1000
0.85	0.070	1000
0.85	0.075	1000
0.85	0.080	1000
0.85	0.085	1000
0.85	0.090	1000
0.85	0.095	1000
0.85	0.100	1000
0.85	0.105	1000
0.85	0.110	1000
0.85	0.115	1000
0.85	0.120	1000
0.85	0.125	1000
0.85	0.130	1000
0.85	0.135	1000
0.85	0.140	1000
0.85	0.145	1000
0.85	0.150	1000
0.85	0.155	1000
0.85	0.160	1000
0.85	0.165	1000
0.85	0.170	1000
0.85	0.175	1000
0.85	0.180	1000
0.85	0.185	1000
0.85	0.190	1000
0.85	0.195	1000

0.90	0.000	1000
0.90	0.005	41
0.90	0.010	35
0.90	0.015	29
0.90	0.020	45
0.90	0.025	34
0.90	0.030	47
0.90	0.035	68
0.90	0.040	57
0.90	0.045	90
0.90	0.050	182
0.90	0.055	182
0.90	0.060	1000
0.90	0.065	1000
0.90	0.070	1000
0.90	0.075	1000
0.90	0.080	1000
0.90	0.085	1000
0.90	0.090	1000
0.90	0.095	1000
0.90	0.100	1000
0.90	0.105	1000
0.90	0.110	1000
0.90	0.115	1000
0.90	0.120	1000
0.90	0.125	1000
0.90	0.130	1000
0.90	0.135	1000
0.90	0.140	1000
0.90	0.145	1000
0.90	0.150	1000
0.90	0.155	1000
0.90	0.160	1000
0.90	0.165	1000
0.90	0.170	1000
0.90	0.175	1000
0.90	0.180	1000
0.90	0.185	1000
0.90	0.190	1000
0.90	0.195	1000

0.95	0.000	1000
0.95	0.005	24
0.95	0.010	24
0.95	0.015	33
0.95	0.020	39
0.95	0.025	40
0.95	0.030	57
0.95	0.035	76
0.95	0.040	74
0.95	0.045	110
0.95	0.050	110
0.95	0.055	160
0.95	0.060	276
0.95	0.065	1000
0.95	0.070	1000
0.95	0.075	1000
0.95	0.080	1000
0.95	0.085	1000
0.95	0.090	1000
0.95	0.095	1000
0.95	0.100	1000
0.95	0.105	1000
0.95	0.110	1000
0.95	0.115	1000
0.95	0.120	1000
0.95	0.125	1000
0.95	0.130	1000
0.95	0.135	1000
0.95	0.140	1000
0.95	0.145	1000
0.95	0.150	1000
0.95	0.155	1000
0.95	0.160	1000
0.95	0.165	1000
0.95	0.170	1000
0.95	0.175	1000
0.95	0.180	1000
0.95	0.185	1000
0.95	0.190	1000
0.95	0.195	1000
