0.00	0.000	1000
0.00	0.005	1000
0.00	0.010	1000
0.00	0.015	1000
0.00	0.020	1000
0.00	0.025	1000
0.00	0.030	1000
0.00	0.035	1000
0.00	0.040	1000
0.00	0.045	1000
0.00	0.050	1000
0.00	0.055	1000
0.00	0.060	1000
0.00	0.065	1000
0.00	0.070	1000
0.00	0.075	1000
0.00	0.080	1000
0.00	0.085	1000
0.00	0.090	1000
0.00	0.095	1000
0.00	0.100	1000
0.00	0.105	1000
0.00	0.110	1000
0.00	0.115	1000
0.00	0.120	1000
0.00	0.125	1000
0.00	0.130	1000
0.00	0.135	1000
0.00	0.140	1000
0.00	0.145	1000
0.00	0.150	1000
0.00	0.155	1000
0.00	0.160	1000
0.00	0.165	1000
0.00	0.170	1000
0.00	0.175	1000
0.00	0.180	1000
0.00	0.185	1000
0.00	0.190	1000
0.00	0.195	1000

0.05	0.000	1000
0.05	0.005	1000
0.05	0.010	1000
0.05	0.015	1000
0.05	0.020	1000
0.05	0.025	592
0.05	0.030	1000
0.05	0.035	1000
0.05	0.040	1000
0.05	0.045	1000
0.05	0.050	1000
0.05	0.055	1000
0.05	0.060	1000
0.05	0.065	1000
0.05	0.070	1000
0.05	0.075	1000
0.05	0.080	1000
0.05	0.085	1000
0.05	0.090	1000
0.05	0.095	1000
0.05	0.100	1000
0.05	0.105	1000
0.05	0.110	1000
0.05	0.115	1000
0.05	0.120	1000
0.05	0.125	1000
0.05	0.130	1000
0.05	0.135	1000
0.05	0.140	1000
0.05	0.145	1000
0.05	0.150	1000
0.05	0.155	1000
0.05	0.160	1000
0.05	0.165	1000
0.05	0.170	1000
0.05	0.175	1000
0.05	0.180	1000
0.05	0.185	1000
0.05	0.190	1000
0.05	0.195	1000

0.10	0.000	1000
0.10	0.005	1000
0.10	0.010	1000
0.10	0.015	271
0.10	0.020	1000
0.10	0.025	307
0.10	0.030	350
0.10	0.035	522
0.10	0.040	1000
0.10	0.045	1000
0.10	0.050	1000
0.10	0.055	1000
0.10	0.060	1000
0.10	0.065	1000
0.10	0.070	1000
0.10	0.075	1000
0.10	0.080	1000
0.10	0.085	1000
0.10	0.090	1000
0.10	0.095	1000
0.10	0.100	1000
0.10	0.105	1000
0.10	0.110	1000
0.10	0.115	1000
0.10	0.120	1000
0.10	0.125	1000
0.10	0.130	1000
0.10	0.135	1000
0.10	0.140	1000
0.10	0.145	1000
0.10	0.150	1000
0.10	0.155	1000
0.10	0.160	1000
0.10	0.165	1000
0.10	0.170	1000
0.10	0.175	1000
0.10	0.180	1000
0.10	0.185	1000
0.10	0.190	1000
0.10	0.195	1000

0.15	0.000	1000
0.15	0.005	1000
0.15	0.010	233
0.15	0.015	1000
0.15	0.020	184
0.15	0.025	157
0.15	0.030	217
0.15	0.035	225
0.15	0.040	250
0.15	0.045	1000
0.15	0.050	1000
0.15	0.055	1000
0.15	0.060	1000
0.15	0.065	1000
0.15	0.070	1000
0.15	0.075	1000
0.15	0.080	1000
0.15	0.085	1000
0.15	0.090	1000
0.15	0.095	1000
0.15	0.100	1000
0.15	0.105	1000
0.15	0.110	1000
0.15	0.115	1000
0.15	0.120	1000
0.15	0.125	1000
0.15	0.130	1000
0.15	0.135	1000
0.15	0.140	1000
0.15	0.145	1000
0.15	0.150	1000
0.15	0.155	1000
0.15	0.160	1000
0.15	0.165	1000
0.15	0.170	1000
0.15	0.175	1000
0.15	0.180	1000
0.15	0.185	1000
0.15	0.190	1000
0.15	0.195	1000

0.20	0.000	1000
0.20	0.005	422
0.20	0.010	245
0.20	0.015	160
0.20	0.020	153
0.20	0.025	162
0.20	0.030	139
0.20	0.035	160
0.20	0.040	174
0.20	0.045	243
0.20	0.050	1000
0.20	0.055	1000
0.20	0.060	1000
0.20	0.065	1000
0.20	0.070	1000
0.20	0.075	1000
0.20	0.080	1000
0.20	0.085	1000
0.20	0.090	1000
0.20	0.095	1000
0.20	0.100	1000
0.20	0.105	1000
0.20	0.110	1000
0.20	0.115	1000
0.20	0.120	1000
0.20	0.125	1000
0.20	0.130	1000
0.20	0.135	1000
0.20	0.140	1000
0.20	0.145	1000
0.20	0.150	1000
0.20	0.155	1000
0.20	0.160	1000
0.20	0.165	1000
0.20	0.170	1000
0.20	0.175	1000
0.20	0.180	1000
0.20	0.185	1000
0.20	0.190	1000
0.20	0.195	1000

0.25	0.000	1000
0.25	0.005	314
0.25	0.010	1000
0.25	0.015	128
0.25	0.020	131
0.25	0.025	130
0.25	0.030	119
0.25	0.035	143
0.25	0.040	160
0.25	0.045	171
0.25	0.050	230
0.25	0.055	1000
0.25	0.060	1000
0.25	0.065	1000
0.25	0.070	1000
0.25	0.075	1000
0.25	0.080	1000
0.25	0.085	1000
0.25	0.090	1000
0.25	0.095	1000
0.25	0.100	1000
0.25	0.105	1000
0.25	0.110	1000
0.25	0.115	1000
0.25	0.120	1000
0.25	0.125	1000
0.25	0.130	1000
0.25	0.135	1000
0.25	0.140	1000
0.25	0.145	1000
0.25	0.150	1000
0.25	0.155	1000
0.25	0.160	1000
0.25	0.165	1000
0.25	0.170	1000
0.25	0.175	1000
0.25	0.180	1000
0.25	0.185	1000
0.25	0.190	1000
0.25	0.195	1000

0.30	0.000	1000
0.30	0.005	210
0.30	0.010	170
0.30	0.015	115
0.30	0.020	129
0.30	0.025	100
0.30	0.030	115
0.30	0.035	105
0.30	0.040	104
0.30	0.045	117
0.30	0.050	126
0.30	0.055	239
0.30	0.060	1000
0.30	0.065	1000
0.30	0.070	1000
0.30	0.075	1000
0.30	0.080	1000
0.30	0.085	1000
0.30	0.090	1000
0.30	0.095	1000
0.30	0.100	1000
0.30	0.105	1000
0.30	0.110	1000
0.30	0.115	1000
0.30	0.120	1000
0.30	0.125	1000
0.30	0.130	1000
0.30	0.135	1000
0.30	0.140	1000
0.30	0.145	1000
0.30	0.150	1000
0.30	0.155	1000
0.30	0.160	1000
0.30	0.165	1000
0.30	0.170	1000
0.30	0.175	1000
0.30	0.180	1000
0.30	0.185	1000
0.30	0.190	1000
0.30	0.195	1000

0.35	0.000	1000
0.35	0.005	211
0.35	0.010	111
0.35	0.015	149
0.35	0.020	90
0.35	0.025	91
0.35	0.030	76
0.35	0.035	80
0.35	0.040	80
0.35	0.045	99
0.35	0.050	105
0.35	0.055	146
0.35	0.060	204
0.35	0.065	1000
0.35	0.070	1000
0.35	0.075	1000
0.35	0.080	1000
0.35	0.085	1000
0.35	0.090	1000
0.35	0.095	1000
0.35	0.100	1000
0.35	0.105	1000
0.35	0.110	1000
0.35	0.115	1000
0.35	0.120	1000
0.35	0.125	1000
0.35	0.130	1000
0.35	0.135	1000
0.35	0.140	1000
0.35	0.145	1000
0.35	0.150	1000
0.35	0.155	1000
0.35	0.160	1000
0.35	0.165	1000
0.35	0.170	1000
0.35	0.175	1000
0.35	0.180	1000
0.35	0.185	1000
0.35	0.190	1000
0.35	0.195	1000

0.40	0.000	1000
0.40	0.005	1000
0.40	0.010	112
0.40	0.015	90
0.40	0.020	84
0.40	0.025	89
0.40	0.030	78
0.40	0.035	68
0.40	0.040	71
0.40	0.045	83
0.40	0.050	80
0.40	0.055	123
0.40	0.060	165
0.40	0.065	245
0.40	0.070	1000
0.40	0.075	1000
0.40	0.080	1000
0.40	0.085	1000
0.40	0.090	1000
0.40	0.095	1000
0.40	0.100	1000
0.40	0.105	1000
0.40	0.110	1000
0.40	0.115	1000
0.40	0.120	1000
0.40	0.125	1000
0.40	0.130	1000
0.40	0.135	1000
0.40	0.140	1000
0.40	0.145	1000
0.40	0.150	1000
0.40	0.155	1000
0.40	0.160	1000
0.40	0.165	1000
0.40	0.170	1000
0.40	0.175	1000
0.40	0.180	1000
0.40	0.185	1000
0.40	0.190	1000
0.40	0.195	1000

0.45	0.000	1000
0.45	0.005	192
0.45	0.010	107
0.45	0.015	93
0.45	0.020	74
0.45	0.025	51
0.45	0.030	72
0.45	0.035	61
0.45	0.040	69
0.45	0.045	74
0.45	0.050	75
0.45	0.055	82
0.45	0.060	125
0.45	0.065	159
0.45	0.070	316
0.45	0.075	1000
0.45	0.080	1000
0.45	0.085	1000
0.45	0.090	1000
0.45	0.095	1000
0.45	0.100	1000
0.45	0.105	1000
0.45	0.110	1000
0.45	0.115	1000
0.45	0.120	1000
0.45	0.125	1000
0.45	0.130	1000
0.45	0.135	1000
0.45	0.140	1000
0.45	0.145	1000
0.45	0.150	1000
0.45	0.155	1000
0.45	0.160	1000
0.45	0.165	1000
0.45	0.170	1000
0.45	0.175	1000
0.45	0.180	1000
0.45	0.185	1000
0.45	0.190	1000
0.45	0.195	1000

0.50	0.000	1000
0.50	0.005	238
0.50	0.010	69
0.50	0.015	89
0.50	0.020	72
0.50	0.025	65
0.50	0.030	59
0.50	0.035	65
0.50	0.040	58
0.50	0.045	73
0.50	0.050	60
0.50	0.055	81
0.50	0.060	89
0.50	0.065	115
0.50	0.070	133
0.50	0.075	1000
0.50	0.080	1000
0.50	0.085	1000
0.50	0.090	1000
0.50	0.095	1000
0.50	0.100	1000
0.50	0.105	1000
0.50	0.110	1000
0.50	0.115	1000
0.50	0.120	1000
0.50	0.125	1000
0.50	0.130	1000
0.50	0.135	1000
0.50	0.140	1000
0.50	0.145	1000
0.50	0.150	1000
0.50	0.155	1000
0.50	0.160	1000
0.50	0.165	1000
0.50	0.170	1000
0.50	0.175	1000
0.50	0.180	1000
0.50	0.185	1000
0.50	0.190	1000
0.50	0.195	1000

0.55	0.000	1000
0.55	0.005	154
0.55	0.010	72
0.55	0.015	99
0.55	0.020	137
0.55	0.025	47
0.55	0.030	52
0.55	0.035	48
0.55	0.040	49
0.55	0.045	50
0.55	0.050	66
0.55	0.055	62
0.55	0.060	85
0.55	0.065	86
0.55	0.070	125
0.55	0.075	240
0.55	0.080	1000
0.55	0.085	1000
0.55	0.090	1000
0.55	0.095	1000
0.55	0.100	1000
0.55	0.105	1000
0.55	0.110	1000
0.55	0.115	1000
0.55	0.120	1000
0.55	0.125	1000
0.55	0.130	1000
0.55	0.135	1000
0.55	0.140	1000
0.55	0.145	1000
0.55	0.150	1000
0.55	0.155	1000
0.55	0.160	1000
0.55	0.165	1000
0.55	0.170	1000
0.55	0.175	1000
0.55	0.180	1000
0.55	0.185	1000
0.55	0.190	1000
0.55	0.195	1000

0.60	0.000	1000
0.60	0.005	112
0.60	0.010	83
0.60	0.015	54
0.60	0.020	53
0.60	0.025	46
0.60	0.030	52
0.60	0.035	48
0.60	0.040	46
0.60	0.045	57
0.60	0.050	44
0.60	0.055	58
0.60	0.060	68
0.60	0.065	77
0.60	0.070	87
0.60	0.075	137
0.60	0.080	258
0.60	0.085	1000
0.60	0.090	1000
0.60	0.095	1000
0.60	0.100	1000
0.60	0.105	1000
0.60	0.110	1000
0.60	0.115	1000
0.60	0.120	1000
0.60	0.125	1000
0.60	0.130	1000
0.60	0.135	1000
0.60	0.140	1000
0.60	0.145	1000
0.60	0.150	1000
0.60	0.155	1000
0.60	0.160	1000
0.60	0.165	1000
0.60	0.170	1000
0.60	0.175	1000
0.60	0.180	1000
0.60	0.185	1000
0.60	0.190	1000
0.60	0.195	1000

0.65	0.000	1000
0.65	0.005	116
0.65	0.010	97
0.65	0.015	55
0.65	0.020	49
0.65	0.025	49
0.65	0.030	40
0.65	0.035	49
0.65	0.040	42
0.65	0.045	46
0.65	0.050	47
0.65	0.055	54
0.65	0.060	67
0.65	0.065	70
0.65	0.070	83
0.65	0.075	90
0.65	0.080	148
0.65	0.085	1000
0.65	0.090	1000
0.65	0.095	1000
0.65	0.100	1000
0.65	0.105	1000
0.65	0.110	1000
0.65	0.115	1000
0.65	0.120	1000
0.65	0.125	1000
0.65	0.130	1000
0.65	0.135	1000
0.65	0.140	1000
0.65	0.145	1000
0.65	0.150	1000
0.65	0.155	1000
0.65	0.160	1000
0.65	0.165	1000
0.65	0.170	1000
0.65	0.175	1000
0.65	0.180	1000
0.65	0.185	1000
0.65	0.190	1000
0.65	0.195	1000

0.70	0.000	1000
0.70	0.005	108
0.70	0.010	69
0.70	0.015	58
0.70	0.020	68
0.70	0.025	46
0.70	0.030	47
0.70	0.035	40
0.70	0.040	48
0.70	0.045	48
0.70	0.050	46
0.70	0.055	49
0.70	0.060	53
0.70	0.065	73
0.70	0.070	81
0.70	0.075	89
0.70	0.080	121
0.70	0.085	294
0.70	0.090	1000
0.70	0.095	1000
0.70	0.100	1000
0.70	0.105	1000
0.70	0.110	1000
0.70	0.115	1000
0.70	0.120	1000
0.70	0.125	1000
0.70	0.130	1000
0.70	0.135	1000
0.70	0.140	1000
0.70	0.145	1000
0.70	0.150	1000
0.70	0.155	1000
0.70	0.160	1000
0.70	0.165	1000
0.70	0.170	1000
0.70	0.175	1000
0.70	0.180	1000
0.70	0.185	1000
0.70	0.190	1000
0.70	0.195	1000

0.75	0.000	1000
0.75	0.005	94
0.75	0.010	57
0.75	0.015	55
0.75	0.020	48
0.75	0.025	50
0.75	0.030	28
0.75	0.035	45
0.75	0.040	37
0.75	0.045	39
0.75	0.050	39
0.75	0.055	53
0.75	0.060	54
0.75	0.065	69
0.75	0.070	70
0.75	0.075	70
0.75	0.080	95
0.75	0.085	151
0.75	0.090	1000
0.75	0.095	1000
0.75	0.095	1000
0.75	0.100	1000
0.75	0.105	1000
0.75	0.110	1000
0.75	0.115	1000
0.75	0.120	1000
0.75	0.125	1000
0.75	0.130	1000
0.75	0.135	1000
0.75	0.140	1000
0.75	0.145	1000
0.75	0.150	1000
0.75	0.155	1000
0.75	0.160	1000
0.75	0.165	1000
0.75	0.170	1000
0.75	0.175	1000
0.75	0.180	1000
0.75	0.185	1000
0.75	0.190	1000
0.75	0.195	1000

0.80	0.000	1000
0.80	0.005	92
0.80	0.010	50
0.80	0.015	50
0.80	0.020	46
0.80	0.025	38
0.80	0.030	43
0.80	0.035	40
0.80	0.040	39
0.80	0.045	46
0.80	0.050	52
0.80	0.055	50
0.80	0.060	44
0.80	0.065	44
0.80	0.070	45
0.80	0.075	63
0.80	0.080	82
0.80	0.085	121
0.80	0.090	319
0.80	0.095	1000
0.80	0.100	1000
0.80	0.105	1000
0.80	0.110	1000
0.80	0.115	1000
0.80	0.120	1000
0.80	0.125	1000
0.80	0.130	1000
0.80	0.135	1000
0.80	0.140	1000
0.80	0.145	1000
0.80	0.150	1000
0.80	0.155	1000
0.80	0.160	1000
0.80	0.165	1000
0.80	0.170	1000
0.80	0.175	1000
0.80	0.180	1000
0.80	0.185	1000
0.80	0.190	1000
0.80	0.195	1000

0.85	0.000	1000
0.85	0.005	111
0.85	0.010	64
0.85	0.015	52
0.85	0.020	42
0.85	0.025	32
0.85	0.030	34
0.85	0.035	50
0.85	0.040	36
0.85	0.045	39
0.85	0.050	37
0.85	0.055	36
0.85	0.060	38
0.85	0.065	48
0.85	0.070	60
0.85	0.075	53
0.85	0.080	69
0.85	0.085	97
0.85	0.090	180
0.85	0.095	1000
0.85	0.100	1000
0.85	0.105	1000
0.85	0.110	1000
0.85	0.115	1000
0.85	0.120	1000
0.85	0.125	1000
0.85	0.130	1000
0.85	0.135	1000
0.85	0.140	1000
0.85	0.145	1000
0.85	0.150	1000
0.85	0.155	1000
0.85	0.160	1000
0.85	0.165	1000
0.85	0.170	1000
0.85	0.175	1000
0.85	0.180	1000
0.85	0.185	1000
0.85	0.190	1000
0.85	0.195	1000

0.90	0.000	1000
0.90	0.005	102
0.90	0.010	45
0.90	0.015	37
0.90	0.020	38
0.90	0.025	36
0.90	0.030	38
0.90	0.035	35
0.90	0.040	31
0.90	0.045	41
0.90	0.050	40
0.90	0.055	42
0.90	0.060	42
0.90	0.065	49
0.90	0.070	55
0.90	0.075	54
0.90	0.080	66
0.90	0.085	87
0.90	0.090	132
0.90	0.095	293
0.90	0.100	1000
0.90	0.105	1000
0.90	0.110	1000
0.90	0.115	1000
0.90	0.120	1000
0.90	0.125	1000
0.90	0.130	1000
0.90	0.135	1000
0.90	0.140	1000
0.90	0.145	1000
0.90	0.150	1000
0.90	0.155	1000
0.90	0.160	1000
0.90	0.165	1000
0.90	0.170	1000
0.90	0.175	1000
0.90	0.180	1000
0.90	0.185	1000
0.90	0.190	1000
0.90	0.195	1000

0.95	0.000	1000
0.95	0.005	81
0.95	0.010	54
0.95	0.015	28
0.95	0.020	47
0.95	0.025	32
0.95	0.030	28
0.95	0.035	32
0.95	0.040	33
0.95	0.045	33
0.95	0.050	36
0.95	0.055	36
0.95	0.060	42
0.95	0.065	47
0.95	0.070	45
0.95	0.075	56
0.95	0.080	61
0.95	0.085	84
0.95	0.090	99
0.95	0.095	162
0.95	0.100	1000
0.95	0.105	1000
0.95	0.110	1000
0.95	0.115	1000
0.95	0.120	1000
0.95	0.125	1000
0.95	0.130	1000
0.95	0.135	1000
0.95	0.140	1000
0.95	0.145	1000
0.95	0.150	1000
0.95	0.155	1000
0.95	0.160	1000
0.95	0.165	1000
0.95	0.170	1000
0.95	0.175	1000
0.95	0.180	1000
0.95	0.185	1000
0.95	0.190	1000
0.95	0.195	1000