"C:\Program Files\Java\jdk-9.0.4\bin\java.exe" -javaagent:C:\Users\Robert\AppData\Local\JetBrains\Toolbox\apps\IDEA-U\ch-0\192.6817.14\lib\idea_rt.jar=60161:C:\Users\Robert\AppData\Local\JetBrains\Toolbox\apps\IDEA-U\ch-0\192.6817.14\bin -Dfile.encoding=UTF-8 -classpath C:\Users\Robert\Desktop\GenetischeAlgorithmen\TravelingSalesman\out\production\TravelingSalesman TravelingSalesman
0.00	0.000	1000
0.00	0.005	1000
0.00	0.010	1000
0.00	0.015	1000
0.00	0.020	1000
0.00	0.025	1000
0.00	0.030	1000
0.00	0.035	1000
0.00	0.040	1000
0.00	0.045	1000
0.00	0.050	1000
0.00	0.055	1000
0.00	0.060	1000
0.00	0.065	1000
0.00	0.070	1000
0.00	0.075	1000
0.00	0.080	1000
0.00	0.085	1000
0.00	0.090	1000
0.00	0.095	1000
0.0 	0.100	1000
0.0 	0.105	1000
0.0 	0.110	1000
0.0 	0.115	1000
0.0 	0.120	1000
0.0 	0.125	1000
0.0 	0.130	1000
0.0 	0.135	1000
0.0 	0.140	1000
0.0 	0.145	1000
0.0 	0.150	1000
0.0 	0.155	1000
0.0 	0.160	1000
0.0 	0.165	1000
0.0 	0.170	1000
0.0 	0.175	1000
0.0 	0.180	1000
0.0 	0.185	1000
0.0 	0.190	1000
0.0 	0.195	1000

0.05	0.000	1000
0.05	0.005	107
0.05	0.010	89
0.05	0.015	101
0.05	0.020	117
0.05	0.025	148
0.05	0.030	143
0.05	0.035	277
0.05	0.040	1000
0.05	0.045	1000
0.05	0.050	1000
0.05	0.055	1000
0.05	0.060	1000
0.05	0.065	1000
0.05	0.070	1000
0.05	0.075	1000
0.05	0.080	1000
0.05	0.085	1000
0.05	0.090	1000
0.05	0.095	1000
0.05	0.100	1000
0.05	0.105	1000
0.05	0.110	1000
0.05	0.115	1000
0.05	0.120	1000
0.05	0.125	1000
0.05	0.130	1000
0.05	0.135	1000
0.05	0.140	1000
0.05	0.145	1000
0.05	0.150	1000
0.05	0.155	1000
0.05	0.160	1000
0.05	0.165	1000
0.05	0.170	1000
0.05	0.175	1000
0.05	0.180	1000
0.05	0.185	1000
0.05	0.190	1000
0.05	0.195	1000

0.10	0.000	1000
0.10	0.005	58
0.10	0.010	47
0.10	0.015	57
0.10	0.020	66
0.10	0.025	67
0.10	0.030	83
0.10	0.035	133
0.10	0.040	162
0.10	0.045	305
0.10	0.050	1000
0.10	0.055	1000
0.10	0.060	1000
0.10	0.065	1000
0.10	0.070	1000
0.10	0.075	1000
0.10	0.080	1000
0.10	0.085	1000
0.10	0.090	1000
0.10	0.095	1000
0.10	0.100	1000
0.10	0.105	1000
0.10	0.110	1000
0.10	0.115	1000
0.10	0.120	1000
0.10	0.125	1000
0.10	0.130	1000
0.10	0.135	1000
0.10	0.140	1000
0.10	0.145	1000
0.10	0.150	1000
0.10	0.155	1000
0.10	0.160	1000
0.10	0.165	1000
0.10	0.170	1000
0.10	0.175	1000
0.10	0.180	1000
0.10	0.185	1000
0.10	0.190	1000
0.10	0.195	1000

0.15	0.000	1000
0.15	0.005	35
0.15	0.010	37
0.15	0.015	39
0.15	0.020	39
0.15	0.025	50
0.15	0.030	61
0.15	0.035	72
0.15	0.040	90
0.15	0.045	153
0.15	0.050	225
0.15	0.055	1000
0.15	0.060	1000
0.15	0.065	1000
0.15	0.070	1000
0.15	0.075	1000
0.15	0.080	1000
0.15	0.085	1000
0.15	0.090	1000
0.15	0.095	1000
0.15	0.100	1000
0.15	0.105	1000
0.15	0.110	1000
0.15	0.115	1000
0.15	0.120	1000
0.15	0.125	1000
0.15	0.130	1000
0.15	0.135	1000
0.15	0.140	1000
0.15	0.145	1000
0.15	0.150	1000
0.15	0.155	1000
0.15	0.160	1000
0.15	0.165	1000
0.15	0.170	1000
0.15	0.175	1000
0.15	0.180	1000
0.15	0.185	1000
0.15	0.190	1000
0.15	0.195	1000

0.20	0.000	1000
0.20	0.005	29
0.20	0.010	29
0.20	0.015	31
0.20	0.020	34
0.20	0.025	38
0.20	0.030	46
0.20	0.035	47
0.20	0.040	65
0.20	0.045	77
0.20	0.050	154
0.20	0.055	182
0.20	0.060	1000
0.20	0.065	1000
0.20	0.070	1000
0.20	0.075	1000
0.20	0.080	1000
0.20	0.085	1000
0.20	0.090	1000
0.20	0.095	1000
0.20	0.100	1000
0.20	0.105	1000
0.20	0.110	1000
0.20	0.115	1000
0.20	0.120	1000
0.20	0.125	1000
0.20	0.130	1000
0.20	0.135	1000
0.20	0.140	1000
0.20	0.145	1000
0.20	0.150	1000
0.20	0.155	1000
0.20	0.160	1000
0.20	0.165	1000
0.20	0.170	1000
0.20	0.175	1000
0.20	0.180	1000
0.20	0.185	1000
0.20	0.190	1000
0.20	0.195	1000

0.25	0.000	1000
0.25	0.005	23
0.25	0.010	25
0.25	0.015	27
0.25	0.020	31
0.25	0.025	33
0.25	0.030	39
0.25	0.035	43
0.25	0.040	54
0.25	0.045	81
0.25	0.050	90
0.25	0.055	129
0.25	0.060	189
0.25	0.065	1000
0.25	0.070	1000
0.25	0.075	1000
0.25	0.080	1000
0.25	0.085	1000
0.25	0.090	1000
0.25	0.095	1000
0.25	0.100	1000
0.25	0.105	1000
0.25	0.110	1000
0.25	0.115	1000
0.25	0.120	1000
0.25	0.125	1000
0.25	0.130	1000
0.25	0.135	1000
0.25	0.140	1000
0.25	0.145	1000
0.25	0.150	1000
0.25	0.155	1000
0.25	0.160	1000
0.25	0.165	1000
0.25	0.170	1000
0.25	0.175	1000
0.25	0.180	1000
0.25	0.185	1000
0.25	0.190	1000
0.25	0.195	1000

0.30	0.000	1000
0.30	0.005	20
0.30	0.010	22
0.30	0.015	25
0.30	0.020	25
0.30	0.025	26
0.30	0.030	30
0.30	0.035	33
0.30	0.040	41
0.30	0.045	51
0.30	0.050	59
0.30	0.055	83
0.30	0.060	147
0.30	0.065	198
0.30	0.070	1000
0.30	0.075	1000
0.30	0.080	1000
0.30	0.085	1000
0.30	0.090	1000
0.30	0.095	1000
0.30	0.100	1000
0.30	0.105	1000
0.30	0.110	1000
0.30	0.115	1000
0.30	0.120	1000
0.30	0.125	1000
0.30	0.130	1000
0.30	0.135	1000
0.30	0.140	1000
0.30	0.145	1000
0.30	0.150	1000
0.30	0.155	1000
0.30	0.160	1000
0.30	0.165	1000
0.30	0.170	1000
0.30	0.175	1000
0.30	0.180	1000
0.30	0.185	1000
0.30	0.190	1000
0.30	0.195	1000

0.35	0.000	17
0.35	0.005	19
0.35	0.010	20
0.35	0.015	21
0.35	0.020	25
0.35	0.025	27
0.35	0.030	26
0.35	0.035	33
0.35	0.040	38
0.35	0.045	47
0.35	0.050	56
0.35	0.055	58
0.35	0.060	100
0.35	0.065	149
0.35	0.070	189
0.35	0.075	1000
0.35	0.080	1000
0.35	0.085	1000
0.35	0.090	1000
0.35	0.095	1000
0.35	0.100	1000
0.35	0.105	1000
0.35	0.110	1000
0.35	0.115	1000
0.35	0.120	1000
0.35	0.125	1000
0.35	0.130	1000
0.35	0.135	1000
0.35	0.140	1000
0.35	0.145	1000
0.35	0.150	1000
0.35	0.155	1000
0.35	0.160	1000
0.35	0.165	1000
0.35	0.170	1000
0.35	0.175	1000
0.35	0.180	1000
0.35	0.185	1000
0.35	0.190	1000
0.35	0.195	1000

0.40	0.000	16
0.40	0.005	18
0.40	0.010	19
0.40	0.015	19
0.40	0.020	21
0.40	0.025	23
0.40	0.030	27
0.40	0.035	30
0.40	0.040	30
0.40	0.045	42
0.40	0.050	45
0.40	0.055	52
0.40	0.060	78
0.40	0.065	101
0.40	0.070	131
0.40	0.075	314
0.40	0.080	1000
0.40	0.085	1000
0.40	0.090	1000
0.40	0.095	1000
0.40	0.100	1000
0.40	0.105	1000
0.40	0.110	1000
0.40	0.115	1000
0.40	0.120	1000
0.40	0.125	1000
0.40	0.130	1000
0.40	0.135	1000
0.40	0.140	1000
0.40	0.145	1000
0.40	0.150	1000
0.40	0.155	1000
0.40	0.160	1000
0.40	0.165	1000
0.40	0.170	1000
0.40	0.175	1000
0.40	0.180	1000
0.40	0.185	1000
0.40	0.190	1000
0.40	0.195	1000

0.45	0.000	15
0.45	0.005	17
0.45	0.010	17
0.45	0.015	17
0.45	0.020	20
0.45	0.025	22
0.45	0.030	24
0.45	0.035	25
0.45	0.040	30
0.45	0.045	39
0.45	0.050	38
0.45	0.055	43
0.45	0.060	65
0.45	0.065	82
0.45	0.070	83
0.45	0.075	143
0.45	0.080	485
0.45	0.085	1000
0.45	0.090	1000
0.45	0.095	1000
0.45	0.100	1000
0.45	0.105	1000
0.45	0.110	1000
0.45	0.115	1000
0.45	0.120	1000
0.45	0.125	1000
0.45	0.130	1000
0.45	0.135	1000
0.45	0.140	1000
0.45	0.145	1000
0.45	0.150	1000
0.45	0.155	1000
0.45	0.160	1000
0.45	0.165	1000
0.45	0.170	1000
0.45	0.175	1000
0.45	0.180	1000
0.45	0.185	1000
0.45	0.190	1000
0.45	0.195	1000

0.50	0.000	15
0.50	0.005	16
0.50	0.010	16
0.50	0.015	17
0.50	0.020	17
0.50	0.025	20
0.50	0.030	21
0.50	0.035	24
0.50	0.040	28
0.50	0.045	28
0.50	0.050	33
0.50	0.055	49
0.50	0.060	47
0.50	0.065	60
0.50	0.070	82
0.50	0.075	111
0.50	0.080	201
0.50	0.085	1000
0.50	0.090	1000
0.50	0.095	1000
0.50	0.100	1000
0.50	0.105	1000
0.50	0.110	1000
0.50	0.115	1000
0.50	0.120	1000
0.50	0.125	1000
0.50	0.130	1000
0.50	0.135	1000
0.50	0.140	1000
0.50	0.145	1000
0.50	0.150	1000
0.50	0.155	1000
0.50	0.160	1000
0.50	0.165	1000
0.50	0.170	1000
0.50	0.175	1000
0.50	0.180	1000
0.50	0.185	1000
0.50	0.190	1000
0.50	0.195	1000

0.55	0.000	14
0.55	0.005	15
0.55	0.010	16
0.55	0.015	17
0.55	0.020	18
0.55	0.025	19
0.55	0.030	20
0.55	0.035	21
0.55	0.040	24
0.55	0.045	25
0.55	0.050	30
0.55	0.055	42
0.55	0.060	37
0.55	0.065	54
0.55	0.070	69
0.55	0.075	98
0.55	0.080	148
0.55	0.085	246
0.55	0.090	1000
0.55	0.095	1000
0.55	0.100	1000
0.55	0.105	1000
0.55	0.110	1000
0.55	0.115	1000
0.55	0.120	1000
0.55	0.125	1000
0.55	0.130	1000
0.55	0.135	1000
0.55	0.140	1000
0.55	0.145	1000
0.55	0.150	1000
0.55	0.155	1000
0.55	0.160	1000
0.55	0.165	1000
0.55	0.170	1000
0.55	0.175	1000
0.55	0.180	1000
0.55	0.185	1000
0.55	0.190	1000
0.55	0.195	1000

0.60	0.000	14
0.60	0.005	14
0.60	0.010	15
0.60	0.015	16
0.60	0.020	16
0.60	0.025	17
0.60	0.030	18
0.60	0.035	21
0.60	0.040	22
0.60	0.045	25
0.60	0.050	31
0.60	0.055	49
0.60	0.060	44
0.60	0.065	50
0.60	0.070	62
0.60	0.075	80
0.60	0.080	105
0.60	0.085	176
0.60	0.090	1000
0.60	0.095	1000
0.60	0.100	1000
0.60	0.105	1000
0.60	0.110	1000
0.60	0.115	1000
0.60	0.120	1000
0.60	0.125	1000
0.60	0.130	1000
0.60	0.135	1000
0.60	0.140	1000
0.60	0.145	1000
0.60	0.150	1000
0.60	0.155	1000
0.60	0.160	1000
0.60	0.165	1000
0.60	0.170	1000
0.60	0.175	1000
0.60	0.180	1000
0.60	0.185	1000
0.60	0.190	1000
0.60	0.195	1000

0.65	0.000	13
0.65	0.005	14
0.65	0.010	14
0.65	0.015	15
0.65	0.020	16
0.65	0.025	17
0.65	0.030	18
0.65	0.035	20
0.65	0.040	21
0.65	0.045	22
0.65	0.050	28
0.65	0.055	30
0.65	0.060	44
0.65	0.065	56
0.65	0.070	62
0.65	0.075	71
0.65	0.080	87
0.65	0.085	175
0.65	0.090	196
0.65	0.095	1000
0.65	0.100	1000
0.65	0.105	1000
0.65	0.110	1000
0.65	0.115	1000
0.65	0.120	1000
0.65	0.125	1000
0.65	0.130	1000
0.65	0.135	1000
0.65	0.140	1000
0.65	0.145	1000
0.65	0.150	1000
0.65	0.155	1000
0.65	0.160	1000
0.65	0.165	1000
0.65	0.170	1000
0.65	0.175	1000
0.65	0.180	1000
0.65	0.185	1000
0.65	0.190	1000
0.65	0.195	1000

"C:\Program Files\Java\jdk-9.0.4\bin\java.exe" -javaagent:C:\Users\Robert\AppData\Local\JetBrains\Toolbox\apps\IDEA-U\ch-0\192.6817.14\lib\idea_rt.jar=60301:C:\Users\Robert\AppData\Local\JetBrains\Toolbox\apps\IDEA-U\ch-0\192.6817.14\bin -Dfile.encoding=UTF-8 -classpath C:\Users\Robert\Desktop\GenetischeAlgorithmen\TravelingSalesman\out\production\TravelingSalesman TravelingSalesman
0.70	0.000	13
0.70	0.005	13
0.70	0.010	14
0.70	0.015	15
0.70	0.020	16
0.70	0.025	17
0.70	0.030	18
0.70	0.035	18
0.70	0.040	20
0.70	0.045	22
0.70	0.050	24
0.70	0.055	32
0.70	0.060	35
0.70	0.065	43
0.70	0.070	46
0.70	0.075	60
0.70	0.080	99
0.70	0.085	83
0.70	0.090	139
0.70	0.095	483
0.70	0.100	1000
0.70	0.105	1000
0.70	0.110	1000
0.70	0.115	1000
0.70	0.120	1000
0.70	0.125	1000
0.70	0.130	1000
0.70	0.135	1000
0.70	0.140	1000
0.70	0.145	1000
0.70	0.150	1000
0.70	0.155	1000
0.70	0.160	1000
0.70	0.165	1000
0.70	0.170	1000
0.70	0.175	1000
0.70	0.180	1000
0.70	0.185	1000
0.70	0.190	1000
0.70	0.195	1000

0.75	0.000	12
0.75	0.005	13
0.75	0.010	13
0.75	0.015	14
0.75	0.020	14
0.75	0.025	16
0.75	0.030	17
0.75	0.035	18
0.75	0.040	19
0.75	0.045	21
0.75	0.050	25
0.75	0.055	25
0.75	0.060	28
0.75	0.065	46
0.75	0.070	45
0.75	0.075	47
0.75	0.080	57
0.75	0.085	84
0.75	0.090	101
0.75	0.095	238
0.75	0.100	1000
0.75	0.105	1000
0.75	0.110	1000
0.75	0.115	1000
0.75	0.120	1000
0.75	0.125	1000
0.75	0.130	1000
0.75	0.135	1000
0.75	0.140	1000
0.75	0.145	1000
0.75	0.150	1000
0.75	0.155	1000
0.75	0.160	1000
0.75	0.165	1000
0.75	0.170	1000
0.75	0.175	1000
0.75	0.180	1000
0.75	0.185	1000
0.75	0.190	1000
0.75	0.195	1000

0.80	0.000	12
0.80	0.005	13
0.80	0.010	13
0.80	0.015	14
0.80	0.020	14
0.80	0.025	15
0.80	0.030	17
0.80	0.035	17
0.80	0.040	18
0.80	0.045	19
0.80	0.050	22
0.80	0.055	27
0.80	0.060	28
0.80	0.065	33
0.80	0.070	39
0.80	0.075	50
0.80	0.080	55
0.80	0.085	79
0.80	0.090	78
0.80	0.095	143
0.80	0.100	1000
0.80	0.105	1000
0.80	0.110	1000
0.80	0.115	1000
0.80	0.120	1000
0.80	0.125	1000
0.80	0.130	1000
0.80	0.135	1000
0.80	0.140	1000
0.80	0.145	1000
0.80	0.150	1000
0.80	0.155	1000
0.80	0.160	1000
0.80	0.165	1000
0.80	0.170	1000
0.80	0.175	1000
0.80	0.180	1000
0.80	0.185	1000
0.80	0.190	1000
0.80	0.195	1000

0.85	0.000	12
0.85	0.005	13
0.85	0.010	13
0.85	0.015	14
0.85	0.020	14
0.85	0.025	14
0.85	0.030	16
0.85	0.035	16
0.85	0.040	18
0.85	0.045	20
0.85	0.050	21
0.85	0.055	26
0.85	0.060	29
0.85	0.065	35
0.85	0.070	47
0.85	0.075	39
0.85	0.080	69
0.85	0.085	64
0.85	0.090	69
0.85	0.095	92
0.85	0.100	212
0.85	0.105	1000
0.85	0.110	1000
0.85	0.115	1000
0.85	0.120	1000
0.85	0.125	1000
0.85	0.130	1000
0.85	0.135	1000
0.85	0.140	1000
0.85	0.145	1000
0.85	0.150	1000
0.85	0.155	1000
0.85	0.160	1000
0.85	0.165	1000
0.85	0.170	1000
0.85	0.175	1000
0.85	0.180	1000
0.85	0.185	1000
0.85	0.190	1000
0.85	0.195	1000

0.90	0.000	12
0.90	0.005	13
0.90	0.010	13
0.90	0.015	13
0.90	0.020	14
0.90	0.025	15
0.90	0.030	15
0.90	0.035	16
0.90	0.040	17
0.90	0.045	17
0.90	0.050	20
0.90	0.055	22
0.90	0.060	26
0.90	0.065	29
0.90	0.070	34
0.90	0.075	43
0.90	0.080	61
0.90	0.085	53
0.90	0.090	95
0.90	0.095	119
0.90	0.100	148
0.90	0.105	1000
0.90	0.110	1000
0.90	0.115	1000
0.90	0.120	1000
0.90	0.125	1000
0.90	0.130	1000
0.90	0.135	1000
0.90	0.140	1000
0.90	0.145	1000
0.90	0.150	1000
0.90	0.155	1000
0.90	0.160	1000
0.90	0.165	1000
0.90	0.170	1000
0.90	0.175	1000
0.90	0.180	1000
0.90	0.185	1000
0.90	0.190	1000
0.90	0.195	1000

0.95	0.000	12
0.95	0.005	12
0.95	0.010	12
0.95	0.015	13
0.95	0.020	13
0.95	0.025	14
0.95	0.030	15
0.95	0.035	15
0.95	0.040	16
0.95	0.045	18
0.95	0.050	20
0.95	0.055	19
0.95	0.060	24
0.95	0.065	27
0.95	0.070	34
0.95	0.075	43
0.95	0.080	45
0.95	0.085	54
0.95	0.090	78
0.95	0.095	90
0.95	0.100	130
0.95	0.105	244
0.95	0.110	1000
0.95	0.115	1000
0.95	0.120	1000
0.95	0.125	1000
0.95	0.130	1000
0.95	0.135	1000
0.95	0.140	1000
0.95	0.145	1000
0.95	0.150	1000
0.95	0.155	1000
0.95	0.160	1000
0.95	0.165	1000
0.95	0.170	1000
0.95	0.175	1000
0.95	0.180	1000
0.95	0.185	1000
0.95	0.190	1000
0.95	0.195	1000