0.00	0.000	1000
0.00	0.005	1000
0.00	0.010	1000
0.00	0.015	1000
0.00	0.020	1000
0.00	0.025	1000
0.00	0.030	1000
0.00	0.035	1000
0.00	0.040	1000
0.00	0.045	1000
0.00	0.050	1000
0.00	0.055	1000
0.00	0.060	1000
0.00	0.065	1000
0.00	0.070	1000
0.00	0.075	1000
0.00	0.080	1000
0.00	0.085	1000
0.00	0.090	1000
0.00	0.095	1000
0.00	0.100	1000
0.00	0.105	1000
0.00	0.110	1000
0.00	0.115	1000
0.00	0.120	1000
0.00	0.125	1000
0.00	0.130	1000
0.00	0.135	1000
0.00	0.140	1000
0.00	0.145	1000
0.00	0.150	1000
0.00	0.155	1000
0.00	0.160	1000
0.00	0.165	1000
0.00	0.170	1000
0.00	0.175	1000
0.00	0.180	1000
0.00	0.185	1000
0.00	0.190	1000
0.00	0.195	1000

0.05	0.000	1000
0.05	0.005	1000
0.05	0.010	1000
0.05	0.015	1000
0.05	0.020	1000
0.05	0.025	172
0.05	0.030	291
0.05	0.035	1000
0.05	0.040	1000
0.05	0.045	1000
0.05	0.050	1000
0.05	0.055	1000
0.05	0.060	1000
0.05	0.065	1000
0.05	0.070	1000
0.05	0.075	1000
0.05	0.080	1000
0.05	0.085	1000
0.05	0.090	1000
0.05	0.095	1000
0.05	0.100	1000
0.05	0.105	1000
0.05	0.110	1000
0.05	0.115	1000
0.05	0.120	1000
0.05	0.125	1000
0.05	0.130	1000
0.05	0.135	1000
0.05	0.140	1000
0.05	0.145	1000
0.05	0.150	1000
0.05	0.155	1000
0.05	0.160	1000
0.05	0.165	1000
0.05	0.170	1000
0.05	0.175	1000
0.05	0.180	1000
0.05	0.185	1000
0.05	0.190	1000
0.05	0.195	1000

0.10	0.000	1000
0.10	0.005	1000
0.10	0.010	1000
0.10	0.015	1000
0.10	0.020	1000
0.10	0.025	102
0.10	0.030	130
0.10	0.035	142
0.10	0.040	359
0.10	0.045	1000
0.10	0.050	1000
0.10	0.055	1000
0.10	0.060	1000
0.10	0.065	1000
0.10	0.070	1000
0.10	0.075	1000
0.10	0.080	1000
0.10	0.085	1000
0.10	0.090	1000
0.10	0.095	1000
0.10	0.100	1000
0.10	0.105	1000
0.10	0.110	1000
0.10	0.115	1000
0.10	0.120	1000
0.10	0.125	1000
0.10	0.130	1000
0.10	0.135	1000
0.10	0.140	1000
0.10	0.145	1000
0.10	0.150	1000
0.10	0.155	1000
0.10	0.160	1000
0.10	0.165	1000
0.10	0.170	1000
0.10	0.175	1000
0.10	0.180	1000
0.10	0.185	1000
0.10	0.190	1000
0.10	0.195	1000

0.15	0.000	1000
0.15	0.005	1000
0.15	0.010	1000
0.15	0.015	1000
0.15	0.020	183
0.15	0.025	73
0.15	0.030	74
0.15	0.035	90
0.15	0.040	118
0.15	0.045	210
0.15	0.050	587
0.15	0.055	1000
0.15	0.060	1000
0.15	0.065	1000
0.15	0.070	1000
0.15	0.075	1000
0.15	0.080	1000
0.15	0.085	1000
0.15	0.090	1000
0.15	0.095	1000
0.15	0.100	1000
0.15	0.105	1000
0.15	0.110	1000
0.15	0.115	1000
0.15	0.120	1000
0.15	0.125	1000
0.15	0.130	1000
0.15	0.135	1000
0.15	0.140	1000
0.15	0.145	1000
0.15	0.150	1000
0.15	0.155	1000
0.15	0.160	1000
0.15	0.165	1000
0.15	0.170	1000
0.15	0.175	1000
0.15	0.180	1000
0.15	0.185	1000
0.15	0.190	1000
0.15	0.195	1000

0.20	0.000	1000
0.20	0.005	1000
0.20	0.010	1000
0.20	0.015	1000
0.20	0.020	56
0.20	0.025	54
0.20	0.030	60
0.20	0.035	81
0.20	0.040	78
0.20	0.045	119
0.20	0.050	204
0.20	0.055	1000
0.20	0.060	1000
0.20	0.065	1000
0.20	0.070	1000
0.20	0.075	1000
0.20	0.080	1000
0.20	0.085	1000
0.20	0.090	1000
0.20	0.095	1000
0.20	0.100	1000
0.20	0.105	1000
0.20	0.110	1000
0.20	0.115	1000
0.20	0.120	1000
0.20	0.125	1000
0.20	0.130	1000
0.20	0.135	1000
0.20	0.140	1000
0.20	0.145	1000
0.20	0.150	1000
0.20	0.155	1000
0.20	0.160	1000
0.20	0.165	1000
0.20	0.170	1000
0.20	0.175	1000
0.20	0.180	1000
0.20	0.185	1000
0.20	0.190	1000
0.20	0.195	1000

0.25	0.000	1000
0.25	0.005	1000
0.25	0.010	1000
0.25	0.015	1000
0.25	0.020	125
0.25	0.025	47
0.25	0.030	55
0.25	0.035	53
0.25	0.040	64
0.25	0.045	89
0.25	0.050	131
0.25	0.055	192
0.25	0.060	1000
0.25	0.065	1000
0.25	0.070	1000
0.25	0.075	1000
0.25	0.080	1000
0.25	0.085	1000
0.25	0.090	1000
0.25	0.095	1000
0.25	0.100	1000
0.25	0.105	1000
0.25	0.110	1000
0.25	0.115	1000
0.25	0.120	1000
0.25	0.125	1000
0.25	0.130	1000
0.25	0.135	1000
0.25	0.140	1000
0.25	0.145	1000
0.25	0.150	1000
0.25	0.155	1000
0.25	0.160	1000
0.25	0.165	1000
0.25	0.170	1000
0.25	0.175	1000
0.25	0.180	1000
0.25	0.185	1000
0.25	0.190	1000
0.25	0.195	1000

0.30	0.000	1000
0.30	0.005	1000
0.30	0.010	1000
0.30	0.015	42
0.30	0.020	39
0.30	0.025	36
0.30	0.030	44
0.30	0.035	52
0.30	0.040	66
0.30	0.045	59
0.30	0.050	92
0.30	0.055	125
0.30	0.060	220
0.30	0.065	1000
0.30	0.070	1000
0.30	0.075	1000
0.30	0.080	1000
0.30	0.085	1000
0.30	0.090	1000
0.30	0.095	1000
0.30	0.100	1000
0.30	0.105	1000
0.30	0.110	1000
0.30	0.115	1000
0.30	0.120	1000
0.30	0.125	1000
0.30	0.130	1000
0.30	0.135	1000
0.30	0.140	1000
0.30	0.145	1000
0.30	0.150	1000
0.30	0.155	1000
0.30	0.160	1000
0.30	0.165	1000
0.30	0.170	1000
0.30	0.175	1000
0.30	0.180	1000
0.30	0.185	1000
0.30	0.190	1000
0.30	0.195	1000

0.35	0.000	1000
0.35	0.005	1000
0.35	0.010	1000
0.35	0.015	1000
0.35	0.020	1000
0.35	0.025	32
0.35	0.030	32
0.35	0.035	39
0.35	0.040	50
0.35	0.045	66
0.35	0.050	65
0.35	0.055	82
0.35	0.060	159
0.35	0.065	266
0.35	0.070	1000
0.35	0.075	1000
0.35	0.080	1000
0.35	0.085	1000
0.35	0.090	1000
0.35	0.095	1000
0.35	0.100	1000
0.35	0.105	1000
0.35	0.110	1000
0.35	0.115	1000
0.35	0.120	1000
0.35	0.125	1000
0.35	0.130	1000
0.35	0.135	1000
0.35	0.140	1000
0.35	0.145	1000
0.35	0.150	1000
0.35	0.155	1000
0.35	0.160	1000
0.35	0.165	1000
0.35	0.170	1000
0.35	0.175	1000
0.35	0.180	1000
0.35	0.185	1000
0.35	0.190	1000
0.35	0.195	1000

0.40	0.000	1000
0.40	0.005	1000
0.40	0.010	1000
0.40	0.015	112
0.40	0.020	70
0.40	0.025	30
0.40	0.030	38
0.40	0.035	34
0.40	0.040	45
0.40	0.045	48
0.40	0.050	80
0.40	0.055	95
0.40	0.060	108
0.40	0.065	156
0.40	0.070	305
0.40	0.075	1000
0.40	0.080	1000
0.40	0.085	1000
0.40	0.090	1000
0.40	0.095	1000
0.40	0.100	1000
0.40	0.105	1000
0.40	0.110	1000
0.40	0.115	1000
0.40	0.120	1000
0.40	0.125	1000
0.40	0.130	1000
0.40	0.135	1000
0.40	0.140	1000
0.40	0.145	1000
0.40	0.150	1000
0.40	0.155	1000
0.40	0.160	1000
0.40	0.165	1000
0.40	0.170	1000
0.40	0.175	1000
0.40	0.180	1000
0.40	0.185	1000
0.40	0.190	1000
0.40	0.195	1000

0.45	0.000	1000
0.45	0.005	1000
0.45	0.010	23
0.45	0.015	1000
0.45	0.020	25
0.45	0.025	27
0.45	0.030	29
0.45	0.035	36
0.45	0.040	35
0.45	0.045	44
0.45	0.050	50
0.45	0.055	68
0.45	0.060	102
0.45	0.065	110
0.45	0.070	183
0.45	0.075	407
0.45	0.080	1000
0.45	0.085	1000
0.45	0.090	1000
0.45	0.095	1000
0.45	0.100	1000
0.45	0.105	1000
0.45	0.110	1000
0.45	0.115	1000
0.45	0.120	1000
0.45	0.125	1000
0.45	0.130	1000
0.45	0.135	1000
0.45	0.140	1000
0.45	0.145	1000
0.45	0.150	1000
0.45	0.155	1000
0.45	0.160	1000
0.45	0.165	1000
0.45	0.170	1000
0.45	0.175	1000
0.45	0.180	1000
0.45	0.185	1000
0.45	0.190	1000
0.45	0.195	1000

0.50	0.000	1000
0.50	0.005	21
0.50	0.010	75
0.50	0.015	1000
0.50	0.020	25
0.50	0.025	23
0.50	0.030	27
0.50	0.035	31
0.50	0.040	33
0.50	0.045	34
0.50	0.050	42
0.50	0.055	57
0.50	0.060	71
0.50	0.065	87
0.50	0.070	146
0.50	0.075	229
0.50	0.080	1000
0.50	0.085	1000
0.50	0.090	1000
0.50	0.095	1000
0.50	0.100	1000
0.50	0.105	1000
0.50	0.110	1000
0.50	0.115	1000
0.50	0.120	1000
0.50	0.125	1000
0.50	0.130	1000
0.50	0.135	1000
0.50	0.140	1000
0.50	0.145	1000
0.50	0.150	1000
0.50	0.155	1000
0.50	0.160	1000
0.50	0.165	1000
0.50	0.170	1000
0.50	0.175	1000
0.50	0.180	1000
0.50	0.185	1000
0.50	0.190	1000
0.50	0.195	1000

0.55	0.000	1000
0.55	0.005	1000
0.55	0.010	1000
0.55	0.015	22
0.55	0.020	21
0.55	0.025	25
0.55	0.030	25
0.55	0.035	26
0.55	0.040	29
0.55	0.045	35
0.55	0.050	41
0.55	0.055	43
0.55	0.060	59
0.55	0.065	72
0.55	0.070	91
0.55	0.075	152
0.55	0.080	325
0.55	0.085	1000
0.55	0.090	1000
0.55	0.095	1000
0.55	0.100	1000
0.55	0.105	1000
0.55	0.110	1000
0.55	0.115	1000
0.55	0.120	1000
0.55	0.125	1000
0.55	0.130	1000
0.55	0.135	1000
0.55	0.140	1000
0.55	0.145	1000
0.55	0.150	1000
0.55	0.155	1000
0.55	0.160	1000
0.55	0.165	1000
0.55	0.170	1000
0.55	0.175	1000
0.55	0.180	1000
0.55	0.185	1000
0.55	0.190	1000
0.55	0.195	1000

0.60	0.000	1000
0.60	0.005	1000
0.60	0.010	19
0.60	0.015	21
0.60	0.020	22
0.60	0.025	23
0.60	0.030	26
0.60	0.035	28
0.60	0.040	27
0.60	0.045	34
0.60	0.050	36
0.60	0.055	44
0.60	0.060	56
0.60	0.065	70
0.60	0.070	93
0.60	0.075	112
0.60	0.080	213
0.60	0.085	1000
0.60	0.090	1000
0.60	0.095	1000
0.60	0.100	1000
0.60	0.105	1000
0.60	0.110	1000
0.60	0.115	1000
0.60	0.120	1000
0.60	0.125	1000
0.60	0.130	1000
0.60	0.135	1000
0.60	0.140	1000
0.60	0.145	1000
0.60	0.150	1000
0.60	0.155	1000
0.60	0.160	1000
0.60	0.165	1000
0.60	0.170	1000
0.60	0.175	1000
0.60	0.180	1000
0.60	0.185	1000
0.60	0.190	1000
0.60	0.195	1000

0.65	0.000	1000
0.65	0.005	16
0.65	0.010	1000
0.65	0.015	18
0.65	0.020	21
0.65	0.025	21
0.65	0.030	25
0.65	0.035	25
0.65	0.040	24
0.65	0.045	33
0.65	0.050	34
0.65	0.055	45
0.65	0.060	45
0.65	0.065	54
0.65	0.070	67
0.65	0.075	88
0.65	0.080	126
0.65	0.085	353
0.65	0.090	1000
0.65	0.095	1000
0.65	0.100	1000
0.65	0.105	1000
0.65	0.110	1000
0.65	0.115	1000
0.65	0.120	1000
0.65	0.125	1000
0.65	0.130	1000
0.65	0.135	1000
0.65	0.140	1000
0.65	0.145	1000
0.65	0.150	1000
0.65	0.155	1000
0.65	0.160	1000
0.65	0.165	1000
0.65	0.170	1000
0.65	0.175	1000
0.65	0.180	1000
0.65	0.185	1000
0.65	0.190	1000
0.65	0.195	1000

0.70	0.000	1000
0.70	0.005	16
0.70	0.010	17
0.70	0.015	19
0.70	0.020	22
0.70	0.025	22
0.70	0.030	24
0.70	0.035	22
0.70	0.040	27
0.70	0.045	31
0.70	0.050	33
0.70	0.055	41
0.70	0.060	42
0.70	0.065	59
0.70	0.070	58
0.70	0.075	86
0.70	0.080	104
0.70	0.085	176
0.70	0.090	1000
0.70	0.095	1000
0.70	0.100	1000
0.70	0.105	1000
0.70	0.110	1000
0.70	0.115	1000
0.70	0.120	1000
0.70	0.125	1000
0.70	0.130	1000
0.70	0.135	1000
0.70	0.140	1000
0.70	0.145	1000
0.70	0.150	1000
0.70	0.155	1000
0.70	0.160	1000
0.70	0.165	1000
0.70	0.170	1000
0.70	0.175	1000
0.70	0.180	1000
0.70	0.185	1000
0.70	0.190	1000
0.70	0.195	1000

0.75	0.000	1000
0.75	0.005	1000
0.75	0.010	96
0.75	0.015	20
0.75	0.020	20
0.75	0.025	20
0.75	0.030	20
0.75	0.035	21
0.75	0.040	24
0.75	0.045	25
0.75	0.050	32
0.75	0.055	43
0.75	0.060	48
0.75	0.065	47
0.75	0.070	48
0.75	0.075	61
0.75	0.080	88
0.75	0.085	154
0.75	0.090	266
0.75	0.095	1000
0.75	0.100	1000
0.75	0.105	1000
0.75	0.110	1000
0.75	0.115	1000
0.75	0.120	1000
0.75	0.125	1000
0.75	0.130	1000
0.75	0.135	1000
0.75	0.140	1000
0.75	0.145	1000
0.75	0.150	1000
0.75	0.155	1000
0.75	0.160	1000
0.75	0.165	1000
0.75	0.170	1000
0.75	0.175	1000
0.75	0.180	1000
0.75	0.185	1000
0.75	0.190	1000
0.75	0.195	1000

0.80	0.000	1000
0.80	0.005	1000
0.80	0.010	15
0.80	0.015	53
0.80	0.020	17
0.80	0.025	18
0.80	0.030	22
0.80	0.035	21
0.80	0.040	24
0.80	0.045	24
0.80	0.050	32
0.80	0.055	28
0.80	0.060	37
0.80	0.065	45
0.80	0.070	51
0.80	0.075	60
0.80	0.080	80
0.80	0.085	95
0.80	0.090	268
0.80	0.095	1000
0.80	0.100	1000
0.80	0.105	1000
0.80	0.110	1000
0.80	0.115	1000
0.80	0.120	1000
0.80	0.125	1000
0.80	0.130	1000
0.80	0.135	1000
0.80	0.140	1000
0.80	0.145	1000
0.80	0.150	1000
0.80	0.155	1000
0.80	0.160	1000
0.80	0.165	1000
0.80	0.170	1000
0.80	0.175	1000
0.80	0.180	1000
0.80	0.185	1000
0.80	0.190	1000
0.80	0.195	1000

0.85	0.000	1000
0.85	0.005	15
0.85	0.010	16
0.85	0.015	16
0.85	0.020	17
0.85	0.025	18
0.85	0.030	19
0.85	0.035	21
0.85	0.040	21
0.85	0.045	24
0.85	0.050	29
0.85	0.055	36
0.85	0.060	35
0.85	0.065	42
0.85	0.070	40
0.85	0.075	68
0.85	0.080	61
0.85	0.085	91
0.85	0.090	152
0.85	0.095	421
0.85	0.100	1000
0.85	0.105	1000
0.85	0.110	1000
0.85	0.115	1000
0.85	0.120	1000
0.85	0.125	1000
0.85	0.130	1000
0.85	0.135	1000
0.85	0.140	1000
0.85	0.145	1000
0.85	0.150	1000
0.85	0.155	1000
0.85	0.160	1000
0.85	0.165	1000
0.85	0.170	1000
0.85	0.175	1000
0.85	0.180	1000
0.85	0.185	1000
0.85	0.190	1000
0.85	0.195	1000

0.90	0.000	12
0.90	0.005	14
0.90	0.010	16
0.90	0.015	16
0.90	0.020	18
0.90	0.025	18
0.90	0.030	18
0.90	0.035	31
0.90	0.040	23
0.90	0.045	20
0.90	0.050	25
0.90	0.055	30
0.90	0.060	38
0.90	0.065	42
0.90	0.070	41
0.90	0.075	46
0.90	0.080	62
0.90	0.085	72
0.90	0.090	139
0.90	0.095	244
0.90	0.100	1000
0.90	0.105	1000
0.90	0.110	1000
0.90	0.115	1000
0.90	0.120	1000
0.90	0.125	1000
0.90	0.130	1000
0.90	0.135	1000
0.90	0.140	1000
0.90	0.145	1000
0.90	0.150	1000
0.90	0.155	1000
0.90	0.160	1000
0.90	0.165	1000
0.90	0.170	1000
0.90	0.175	1000
0.90	0.180	1000
0.90	0.185	1000
0.90	0.190	1000
0.90	0.195	1000

0.95	0.000	1000
0.95	0.005	13
0.95	0.010	15
0.95	0.015	17
0.95	0.020	17
0.95	0.025	17
0.95	0.030	19
0.95	0.035	20
0.95	0.040	20
0.95	0.045	24
0.95	0.050	22
0.95	0.055	26
0.95	0.060	33
0.95	0.065	31
0.95	0.070	38
0.95	0.075	54
0.95	0.080	56
0.95	0.085	74
0.95	0.090	96
0.95	0.095	132
0.95	0.100	1000
0.95	0.105	1000
0.95	0.110	1000
0.95	0.115	1000
0.95	0.120	1000
0.95	0.125	1000
0.95	0.130	1000
0.95	0.135	1000
0.95	0.140	1000
0.95	0.145	1000
0.95	0.150	1000
0.95	0.155	1000
0.95	0.160	1000
0.95	0.165	1000
0.95	0.170	1000
0.95	0.175	1000
0.95	0.180	1000
0.95	0.185	1000
0.95	0.190	1000
0.95	0.195	1000

