1	1228.948
2	1244.356
3	1255.747
4	1261.530
5	1263.011
6	1268.833
7	1271.691
8	1278.590
9	1279.502
10	1280.182
11	1280.577
12	1282.157
13	1283.435
14	1283.834
15	1285.735
16	1287.791
17	1288.579
18	1291.561
19	1291.851
20	1294.798
21	1297.092
22	1299.819
23	1300.928
24	1301.385
25	1302.379
26	1303.230
27	1303.368
28	1303.581
29	1303.604
30	1305.467
31	1305.912
32	1306.364
33	1306.969
34	1308.306
35	1309.651
36	1309.715
37	1311.926
38	1313.398
39	1313.449
40	1314.797
41	1315.245
42	1319.080
43	1319.669
44	1321.224
45	1323.118
46	1326.837
47	1327.694
48	1327.893
49	1327.968
50	1329.339
51	1329.583
52	1331.850
53	1332.136
54	1334.238
55	1334.268
56	1336.188
57	1336.701
58	1336.890
59	1336.983
60	1337.534
61	1338.498
62	1338.700
63	1340.502
64	1340.936
65	1344.071
66	1344.402
67	1344.546
68	1345.438
69	1346.209
70	1347.110
71	1347.595
72	1348.856
73	1348.866
74	1352.417
75	1354.104
76	1355.841
77	1359.744
78	1361.906
79	1364.074
80	1365.133
81	1365.726
82	1365.829
83	1367.583
84	1367.749
85	1367.938
86	1370.582
87	1371.320
88	1372.534
89	1373.201
90	1374.054
91	1375.991
92	1376.673
93	1380.950
94	1382.174
95	1383.719
96	1391.486
97	1393.012
98	1400.703
99	1405.477
100	1419.546
