1	603.012
2	603.715
3	603.715
4	607.259
5	607.963
6	609.007
7	611.978
8	613.345
9	614.159
10	614.259
11	614.926
12	614.926
13	615.048
14	615.589
15	616.131
16	616.467
17	617.283
18	617.407
19	618.170
20	618.610
21	619.455
22	619.683
23	619.684
24	621.628
25	622.271
26	622.589
27	622.720
28	623.255
29	623.534
30	624.398
31	624.472
32	626.063
33	626.494
34	626.736
35	627.274
36	628.336
37	628.563
38	628.601
39	628.740
40	629.175
41	630.457
42	632.532
43	632.898
44	633.110
45	633.784
46	634.206
47	634.517
48	634.879
49	635.123
50	635.531
51	635.809
52	636.331
53	639.568
54	640.325
55	641.450
56	642.280
57	642.353
58	642.725
59	642.842
60	643.589
61	645.106
62	645.687
63	646.478
64	647.015
65	647.112
66	647.352
67	647.610
68	647.752
69	648.101
70	648.662
71	648.756
72	649.262
73	649.513
74	650.284
75	650.340
76	650.485
77	650.589
78	651.046
79	651.453
80	652.408
81	652.436
82	654.319
83	654.397
84	655.817
85	657.006
86	657.397
87	658.441
88	658.709
89	660.519
90	661.796
91	661.868
92	661.959
93	662.468
94	665.676
95	667.304
96	668.184
97	668.992
98	670.704
99	679.387
100	682.769