0.0	0.0	1000.0
0.0	0.005	1000.0
0.0	0.01	1000.0
0.0	0.015	1000.0
0.0	0.02	1000.0
0.0	0.025	1000.0
0.0	0.030000000000000002	1000.0
0.0	0.035	1000.0
0.0	0.04	1000.0
0.0	0.045	1000.0
0.0	0.049999999999999996	1000.0
0.0	0.05499999999999999	1000.0
0.0	0.05999999999999999	1000.0
0.0	0.06499999999999999	1000.0
0.0	0.06999999999999999	1000.0
0.0	0.075	1000.0
0.0	0.08	1000.0
0.0	0.085	1000.0
0.0	0.09000000000000001	1000.0
0.0	0.09500000000000001	1000.0
0.0	0.10000000000000002	1000.0
0.0	0.10500000000000002	1000.0
0.0	0.11000000000000003	1000.0
0.0	0.11500000000000003	1000.0
0.0	0.12000000000000004	1000.0
0.0	0.12500000000000003	1000.0
0.0	0.13000000000000003	1000.0
0.0	0.13500000000000004	1000.0
0.0	0.14000000000000004	1000.0
0.0	0.14500000000000005	1000.0
0.0	0.15000000000000005	1000.0
0.0	0.15500000000000005	1000.0
0.0	0.16000000000000006	1000.0
0.0	0.16500000000000006	1000.0
0.0	0.17000000000000007	1000.0
0.0	0.17500000000000007	1000.0
0.0	0.18000000000000008	1000.0
0.0	0.18500000000000008	1000.0
0.0	0.19000000000000009	1000.0
0.0	0.1950000000000001	1000.0

0.05	0.0	1000.0
0.05	0.005	906.36
0.05	0.01	821.02
0.05	0.015	823.6
0.05	0.02	766.04
0.05	0.025	919.96
0.05	0.030000000000000002	1000.0
0.05	0.035	1000.0
0.05	0.04	1000.0
0.05	0.045	1000.0
0.05	0.049999999999999996	1000.0
0.05	0.05499999999999999	1000.0
0.05	0.05999999999999999	1000.0
0.05	0.06499999999999999	1000.0
0.05	0.06999999999999999	1000.0
0.05	0.075	1000.0
0.05	0.08	1000.0
0.05	0.085	1000.0
0.05	0.09000000000000001	1000.0
0.05	0.09500000000000001	1000.0
0.05	0.10000000000000002	1000.0
0.05	0.10500000000000002	1000.0
0.05	0.11000000000000003	1000.0
0.05	0.11500000000000003	1000.0
0.05	0.12000000000000004	1000.0
0.05	0.12500000000000003	1000.0
0.05	0.13000000000000003	1000.0
0.05	0.13500000000000004	1000.0
0.05	0.14000000000000004	1000.0
0.05	0.14500000000000005	1000.0
0.05	0.15000000000000005	1000.0
0.05	0.15500000000000005	1000.0
0.05	0.16000000000000006	1000.0
0.05	0.16500000000000006	1000.0
0.05	0.17000000000000007	1000.0
0.05	0.17500000000000007	1000.0
0.05	0.18000000000000008	1000.0
0.05	0.18500000000000008	1000.0
0.05	0.19000000000000009	1000.0
0.05	0.1950000000000001	1000.0

0.1	0.0	1000.0
0.1	0.005	897.42
0.1	0.01	705.18
0.1	0.015	807.6
0.1	0.02	616.86
0.1	0.025	398.76
0.1	0.030000000000000002	413.94
0.1	0.035	844.58
0.1	0.04	1000.0
0.1	0.045	1000.0
0.1	0.049999999999999996	1000.0
0.1	0.05499999999999999	1000.0
0.1	0.05999999999999999	1000.0
0.1	0.06499999999999999	1000.0
0.1	0.06999999999999999	1000.0
0.1	0.075	1000.0
0.1	0.08	1000.0
0.1	0.085	1000.0
0.1	0.09000000000000001	1000.0
0.1	0.09500000000000001	1000.0
0.1	0.10000000000000002	1000.0
0.1	0.10500000000000002	1000.0
0.1	0.11000000000000003	1000.0
0.1	0.11500000000000003	1000.0
0.1	0.12000000000000004	1000.0
0.1	0.12500000000000003	1000.0
0.1	0.13000000000000003	1000.0
0.1	0.13500000000000004	1000.0
0.1	0.14000000000000004	1000.0
0.1	0.14500000000000005	1000.0
0.1	0.15000000000000005	1000.0
0.1	0.15500000000000005	1000.0
0.1	0.16000000000000006	1000.0
0.1	0.16500000000000006	1000.0
0.1	0.17000000000000007	1000.0
0.1	0.17500000000000007	1000.0
0.1	0.18000000000000008	1000.0
0.1	0.18500000000000008	1000.0
0.1	0.19000000000000009	1000.0
0.1	0.1950000000000001	1000.0

0.15000000000000002	0.0	1000.0
0.15000000000000002	0.005	828.22
0.15000000000000002	0.01	719.64
0.15000000000000002	0.015	630.42
0.15000000000000002	0.02	419.42
0.15000000000000002	0.025	247.5
0.15000000000000002	0.030000000000000002	202.84
0.15000000000000002	0.035	230.88
0.15000000000000002	0.04	281.28
0.15000000000000002	0.045	837.38
0.15000000000000002	0.049999999999999996	1000.0
0.15000000000000002	0.05499999999999999	1000.0
0.15000000000000002	0.05999999999999999	1000.0
0.15000000000000002	0.06499999999999999	1000.0
0.15000000000000002	0.06999999999999999	1000.0
0.15000000000000002	0.075	1000.0
0.15000000000000002	0.08	1000.0
0.15000000000000002	0.085	1000.0
0.15000000000000002	0.09000000000000001	1000.0
0.15000000000000002	0.09500000000000001	1000.0
0.15000000000000002	0.10000000000000002	1000.0
0.15000000000000002	0.10500000000000002	1000.0
0.15000000000000002	0.11000000000000003	1000.0
0.15000000000000002	0.11500000000000003	1000.0
0.15000000000000002	0.12000000000000004	1000.0
0.15000000000000002	0.12500000000000003	1000.0
0.15000000000000002	0.13000000000000003	1000.0
0.15000000000000002	0.13500000000000004	1000.0
0.15000000000000002	0.14000000000000004	1000.0
0.15000000000000002	0.14500000000000005	1000.0
0.15000000000000002	0.15000000000000005	1000.0
0.15000000000000002	0.15500000000000005	1000.0
0.15000000000000002	0.16000000000000006	1000.0
0.15000000000000002	0.16500000000000006	1000.0
0.15000000000000002	0.17000000000000007	1000.0
0.15000000000000002	0.17500000000000007	1000.0
0.15000000000000002	0.18000000000000008	1000.0
0.15000000000000002	0.18500000000000008	1000.0
0.15000000000000002	0.19000000000000009	1000.0
0.15000000000000002	0.1950000000000001	1000.0

0.2	0.0	1000.0
0.2	0.005	799.5
0.2	0.01	590.54
0.2	0.015	592.82
0.2	0.02	419.8
0.2	0.025	196.38
0.2	0.030000000000000002	152.9
0.2	0.035	177.4
0.2	0.04	191.6
0.2	0.045	306.72
0.2	0.049999999999999996	788.24
0.2	0.05499999999999999	1000.0
0.2	0.05999999999999999	1000.0
0.2	0.06499999999999999	1000.0
0.2	0.06999999999999999	1000.0
0.2	0.075	1000.0
0.2	0.08	1000.0
0.2	0.085	1000.0
0.2	0.09000000000000001	1000.0
0.2	0.09500000000000001	1000.0
0.2	0.10000000000000002	1000.0
0.2	0.10500000000000002	1000.0
0.2	0.11000000000000003	1000.0
0.2	0.11500000000000003	1000.0
0.2	0.12000000000000004	1000.0
0.2	0.12500000000000003	1000.0
0.2	0.13000000000000003	1000.0
0.2	0.13500000000000004	1000.0
0.2	0.14000000000000004	1000.0
0.2	0.14500000000000005	1000.0
0.2	0.15000000000000005	1000.0
0.2	0.15500000000000005	1000.0
0.2	0.16000000000000006	1000.0
0.2	0.16500000000000006	1000.0
0.2	0.17000000000000007	1000.0
0.2	0.17500000000000007	1000.0
0.2	0.18000000000000008	1000.0
0.2	0.18500000000000008	1000.0
0.2	0.19000000000000009	1000.0
0.2	0.1950000000000001	1000.0

0.25	0.0	1000.0
0.25	0.005	731.6
0.25	0.01	704.84
0.25	0.015	583.76
0.25	0.02	339.94
0.25	0.025	158.96
0.25	0.030000000000000002	127.3
0.25	0.035	121.8
0.25	0.04	130.62
0.25	0.045	158.34
0.25	0.049999999999999996	237.36
0.25	0.05499999999999999	569.02
0.25	0.05999999999999999	997.42
0.25	0.06499999999999999	1000.0
0.25	0.06999999999999999	1000.0
0.25	0.075	1000.0
0.25	0.08	1000.0
0.25	0.085	1000.0
0.25	0.09000000000000001	1000.0
0.25	0.09500000000000001	1000.0
0.25	0.10000000000000002	1000.0
0.25	0.10500000000000002	1000.0
0.25	0.11000000000000003	1000.0
0.25	0.11500000000000003	1000.0
0.25	0.12000000000000004	1000.0
0.25	0.12500000000000003	1000.0
0.25	0.13000000000000003	1000.0
0.25	0.13500000000000004	1000.0
0.25	0.14000000000000004	1000.0
0.25	0.14500000000000005	1000.0
0.25	0.15000000000000005	1000.0
0.25	0.15500000000000005	1000.0
0.25	0.16000000000000006	1000.0
0.25	0.16500000000000006	1000.0
0.25	0.17000000000000007	1000.0
0.25	0.17500000000000007	1000.0
0.25	0.18000000000000008	1000.0
0.25	0.18500000000000008	1000.0
0.25	0.19000000000000009	1000.0
0.25	0.1950000000000001	1000.0

0.3	0.0	1000.0
0.3	0.005	676.94
0.3	0.01	608.42
0.3	0.015	475.4
0.3	0.02	280.02
0.3	0.025	147.62
0.3	0.030000000000000002	115.74
0.3	0.035	97.02
0.3	0.04	107.98
0.3	0.045	125.12
0.3	0.049999999999999996	157.18
0.3	0.05499999999999999	214.96
0.3	0.05999999999999999	634.32
0.3	0.06499999999999999	988.92
0.3	0.06999999999999999	1000.0
0.3	0.075	1000.0
0.3	0.08	1000.0
0.3	0.085	1000.0
0.3	0.09000000000000001	1000.0
0.3	0.09500000000000001	1000.0
0.3	0.10000000000000002	1000.0
0.3	0.10500000000000002	1000.0
0.3	0.11000000000000003	1000.0
0.3	0.11500000000000003	1000.0
0.3	0.12000000000000004	1000.0
0.3	0.12500000000000003	1000.0
0.3	0.13000000000000003	1000.0
0.3	0.13500000000000004	1000.0
0.3	0.14000000000000004	1000.0
0.3	0.14500000000000005	1000.0
0.3	0.15000000000000005	1000.0
0.3	0.15500000000000005	1000.0
0.3	0.16000000000000006	1000.0
0.3	0.16500000000000006	1000.0
0.3	0.17000000000000007	1000.0
0.3	0.17500000000000007	1000.0
0.3	0.18000000000000008	1000.0
0.3	0.18500000000000008	1000.0
0.3	0.19000000000000009	1000.0
0.3	0.1950000000000001	1000.0

0.35	0.0	1000.0
0.35	0.005	686.48
0.35	0.01	554.1
0.35	0.015	439.26
0.35	0.02	225.26
0.35	0.025	116.72
0.35	0.030000000000000002	85.98
0.35	0.035	80.38
0.35	0.04	85.3
0.35	0.045	90.32
0.35	0.049999999999999996	108.06
0.35	0.05499999999999999	140.74
0.35	0.05999999999999999	213.38
0.35	0.06499999999999999	587.9
0.35	0.06999999999999999	1000.0
0.35	0.075	1000.0
0.35	0.08	1000.0
0.35	0.085	1000.0
0.35	0.09000000000000001	1000.0
0.35	0.09500000000000001	1000.0
0.35	0.10000000000000002	1000.0
0.35	0.10500000000000002	1000.0
0.35	0.11000000000000003	1000.0
0.35	0.11500000000000003	1000.0
0.35	0.12000000000000004	1000.0
0.35	0.12500000000000003	1000.0
0.35	0.13000000000000003	1000.0
0.35	0.13500000000000004	1000.0
0.35	0.14000000000000004	1000.0
0.35	0.14500000000000005	1000.0
0.35	0.15000000000000005	1000.0
0.35	0.15500000000000005	1000.0
0.35	0.16000000000000006	1000.0
0.35	0.16500000000000006	1000.0
0.35	0.17000000000000007	1000.0
0.35	0.17500000000000007	1000.0
0.35	0.18000000000000008	1000.0
0.35	0.18500000000000008	1000.0
0.35	0.19000000000000009	1000.0
0.35	0.1950000000000001	1000.0

0.39999999999999997	0.0	1000.0
0.39999999999999997	0.005	645.64
0.39999999999999997	0.01	514.3
0.39999999999999997	0.015	467.44
0.39999999999999997	0.02	217.88
0.39999999999999997	0.025	100.6
0.39999999999999997	0.030000000000000002	75.32
0.39999999999999997	0.035	76.72
0.39999999999999997	0.04	74.94
0.39999999999999997	0.045	76.64
0.39999999999999997	0.049999999999999996	97.2
0.39999999999999997	0.05499999999999999	100.48
0.39999999999999997	0.05999999999999999	142.26
0.39999999999999997	0.06499999999999999	206.28
0.39999999999999997	0.06999999999999999	780.06
0.39999999999999997	0.075	1000.0
0.39999999999999997	0.08	1000.0
0.39999999999999997	0.085	1000.0
0.39999999999999997	0.09000000000000001	1000.0
0.39999999999999997	0.09500000000000001	1000.0
0.39999999999999997	0.10000000000000002	1000.0
0.39999999999999997	0.10500000000000002	1000.0
0.39999999999999997	0.11000000000000003	1000.0
0.39999999999999997	0.11500000000000003	1000.0
0.39999999999999997	0.12000000000000004	1000.0
0.39999999999999997	0.12500000000000003	1000.0
0.39999999999999997	0.13000000000000003	1000.0
0.39999999999999997	0.13500000000000004	1000.0
0.39999999999999997	0.14000000000000004	1000.0
0.39999999999999997	0.14500000000000005	1000.0
0.39999999999999997	0.15000000000000005	1000.0
0.39999999999999997	0.15500000000000005	1000.0
0.39999999999999997	0.16000000000000006	1000.0
0.39999999999999997	0.16500000000000006	1000.0
0.39999999999999997	0.17000000000000007	1000.0
0.39999999999999997	0.17500000000000007	1000.0
0.39999999999999997	0.18000000000000008	1000.0
0.39999999999999997	0.18500000000000008	1000.0
0.39999999999999997	0.19000000000000009	1000.0
0.39999999999999997	0.1950000000000001	1000.0

0.44999999999999996	0.0	1000.0
0.44999999999999996	0.005	564.5
0.44999999999999996	0.01	497.5
0.44999999999999996	0.015	436.12
0.44999999999999996	0.02	218.26
0.44999999999999996	0.025	80.36
0.44999999999999996	0.030000000000000002	80.66
0.44999999999999996	0.035	61.32
0.44999999999999996	0.04	67.06
0.44999999999999996	0.045	69.6
0.44999999999999996	0.049999999999999996	76.04
0.44999999999999996	0.05499999999999999	87.04
0.44999999999999996	0.05999999999999999	104.6
0.44999999999999996	0.06499999999999999	134.78
0.44999999999999996	0.06999999999999999	280.26
0.44999999999999996	0.075	887.58
0.44999999999999996	0.08	1000.0
0.44999999999999996	0.085	1000.0
0.44999999999999996	0.09000000000000001	1000.0
0.44999999999999996	0.09500000000000001	1000.0
0.44999999999999996	0.10000000000000002	1000.0
0.44999999999999996	0.10500000000000002	1000.0
0.44999999999999996	0.11000000000000003	1000.0
0.44999999999999996	0.11500000000000003	1000.0
0.44999999999999996	0.12000000000000004	1000.0
0.44999999999999996	0.12500000000000003	1000.0
0.44999999999999996	0.13000000000000003	1000.0
0.44999999999999996	0.13500000000000004	1000.0
0.44999999999999996	0.14000000000000004	1000.0
0.44999999999999996	0.14500000000000005	1000.0
0.44999999999999996	0.15000000000000005	1000.0
0.44999999999999996	0.15500000000000005	1000.0
0.44999999999999996	0.16000000000000006	1000.0
0.44999999999999996	0.16500000000000006	1000.0
0.44999999999999996	0.17000000000000007	1000.0
0.44999999999999996	0.17500000000000007	1000.0
0.44999999999999996	0.18000000000000008	1000.0
0.44999999999999996	0.18500000000000008	1000.0
0.44999999999999996	0.19000000000000009	1000.0
0.44999999999999996	0.1950000000000001	1000.0

0.49999999999999994	0.0	1000.0
0.49999999999999994	0.005	481.46
0.49999999999999994	0.01	422.22
0.49999999999999994	0.015	369.14
0.49999999999999994	0.02	157.3
0.49999999999999994	0.025	92.3
0.49999999999999994	0.030000000000000002	59.6
0.49999999999999994	0.035	67.34
0.49999999999999994	0.04	57.52
0.49999999999999994	0.045	64.42
0.49999999999999994	0.049999999999999996	59.36
0.49999999999999994	0.05499999999999999	79.8
0.49999999999999994	0.05999999999999999	90.8
0.49999999999999994	0.06499999999999999	123.14
0.49999999999999994	0.06999999999999999	147.34
0.49999999999999994	0.075	296.7
0.49999999999999994	0.08	951.42
0.49999999999999994	0.085	1000.0
0.49999999999999994	0.09000000000000001	1000.0
0.49999999999999994	0.09500000000000001	1000.0
0.49999999999999994	0.10000000000000002	1000.0
0.49999999999999994	0.10500000000000002	1000.0
0.49999999999999994	0.11000000000000003	1000.0
0.49999999999999994	0.11500000000000003	1000.0
0.49999999999999994	0.12000000000000004	1000.0
0.49999999999999994	0.12500000000000003	1000.0
0.49999999999999994	0.13000000000000003	1000.0
0.49999999999999994	0.13500000000000004	1000.0
0.49999999999999994	0.14000000000000004	1000.0
0.49999999999999994	0.14500000000000005	1000.0
0.49999999999999994	0.15000000000000005	1000.0
0.49999999999999994	0.15500000000000005	1000.0
0.49999999999999994	0.16000000000000006	1000.0
0.49999999999999994	0.16500000000000006	1000.0
0.49999999999999994	0.17000000000000007	1000.0
0.49999999999999994	0.17500000000000007	1000.0
0.49999999999999994	0.18000000000000008	1000.0
0.49999999999999994	0.18500000000000008	1000.0
0.49999999999999994	0.19000000000000009	1000.0
0.49999999999999994	0.1950000000000001	1000.0

0.5499999999999999	0.0	1000.0
0.5499999999999999	0.005	536.18
0.5499999999999999	0.01	383.94
0.5499999999999999	0.015	397.56
0.5499999999999999	0.02	138.02
0.5499999999999999	0.025	77.82
0.5499999999999999	0.030000000000000002	55.82
0.5499999999999999	0.035	55.78
0.5499999999999999	0.04	61.76
0.5499999999999999	0.045	63.54
0.5499999999999999	0.049999999999999996	57.32
0.5499999999999999	0.05499999999999999	76.68
0.5499999999999999	0.05999999999999999	81.82
0.5499999999999999	0.06499999999999999	82.58
0.5499999999999999	0.06999999999999999	111.74
0.5499999999999999	0.075	175.52
0.5499999999999999	0.08	525.84
0.5499999999999999	0.085	1000.0
0.5499999999999999	0.09000000000000001	1000.0
0.5499999999999999	0.09500000000000001	1000.0
0.5499999999999999	0.10000000000000002	1000.0
0.5499999999999999	0.10500000000000002	1000.0
0.5499999999999999	0.11000000000000003	1000.0
0.5499999999999999	0.11500000000000003	1000.0
0.5499999999999999	0.12000000000000004	1000.0
0.5499999999999999	0.12500000000000003	1000.0
0.5499999999999999	0.13000000000000003	1000.0
0.5499999999999999	0.13500000000000004	1000.0
0.5499999999999999	0.14000000000000004	1000.0
0.5499999999999999	0.14500000000000005	1000.0
0.5499999999999999	0.15000000000000005	1000.0
0.5499999999999999	0.15500000000000005	1000.0
0.5499999999999999	0.16000000000000006	1000.0
0.5499999999999999	0.16500000000000006	1000.0
0.5499999999999999	0.17000000000000007	1000.0
0.5499999999999999	0.17500000000000007	1000.0
0.5499999999999999	0.18000000000000008	1000.0
0.5499999999999999	0.18500000000000008	1000.0
0.5499999999999999	0.19000000000000009	1000.0
0.5499999999999999	0.1950000000000001	1000.0

0.6	0.0	1000.0
0.6	0.005	504.38
0.6	0.01	448.62
0.6	0.015	338.26
0.6	0.02	157.06
0.6	0.025	61.48
0.6	0.030000000000000002	50.7
0.6	0.035	51.74
0.6	0.04	53.0
0.6	0.045	56.48
0.6	0.049999999999999996	57.42
0.6	0.05499999999999999	58.18
0.6	0.05999999999999999	65.92
0.6	0.06499999999999999	82.16
0.6	0.06999999999999999	100.72
0.6	0.075	130.7
0.6	0.08	195.5
0.6	0.085	766.66
0.6	0.09000000000000001	1000.0
0.6	0.09500000000000001	1000.0
0.6	0.10000000000000002	1000.0
0.6	0.10500000000000002	1000.0
0.6	0.11000000000000003	1000.0
0.6	0.11500000000000003	1000.0
0.6	0.12000000000000004	1000.0
0.6	0.12500000000000003	1000.0
0.6	0.13000000000000003	1000.0
0.6	0.13500000000000004	1000.0
0.6	0.14000000000000004	1000.0
0.6	0.14500000000000005	1000.0
0.6	0.15000000000000005	1000.0
0.6	0.15500000000000005	1000.0
0.6	0.16000000000000006	1000.0
0.6	0.16500000000000006	1000.0
0.6	0.17000000000000007	1000.0
0.6	0.17500000000000007	1000.0
0.6	0.18000000000000008	1000.0
0.6	0.18500000000000008	1000.0
0.6	0.19000000000000009	1000.0
0.6	0.1950000000000001	1000.0

0.65	0.0	980.4
0.65	0.005	449.02
0.65	0.01	285.34
0.65	0.015	290.82
0.65	0.02	123.86
0.65	0.025	57.82
0.65	0.030000000000000002	48.78
0.65	0.035	41.74
0.65	0.04	48.96
0.65	0.045	49.04
0.65	0.049999999999999996	50.26
0.65	0.05499999999999999	63.98
0.65	0.05999999999999999	62.02
0.65	0.06499999999999999	76.16
0.65	0.06999999999999999	82.88
0.65	0.075	107.2
0.65	0.08	140.84
0.65	0.085	318.0
0.65	0.09000000000000001	988.26
0.65	0.09500000000000001	1000.0
0.65	0.10000000000000002	1000.0
0.65	0.10500000000000002	1000.0
0.65	0.11000000000000003	1000.0
0.65	0.11500000000000003	1000.0
0.65	0.12000000000000004	1000.0
0.65	0.12500000000000003	1000.0
0.65	0.13000000000000003	1000.0
0.65	0.13500000000000004	1000.0
0.65	0.14000000000000004	1000.0
0.65	0.14500000000000005	1000.0
0.65	0.15000000000000005	1000.0
0.65	0.15500000000000005	1000.0
0.65	0.16000000000000006	1000.0
0.65	0.16500000000000006	1000.0
0.65	0.17000000000000007	1000.0
0.65	0.17500000000000007	1000.0
0.65	0.18000000000000008	1000.0
0.65	0.18500000000000008	1000.0
0.65	0.19000000000000009	1000.0
0.65	0.1950000000000001	1000.0

0.7000000000000001	0.0	980.3
0.7000000000000001	0.005	325.74
0.7000000000000001	0.01	296.2
0.7000000000000001	0.015	200.22
0.7000000000000001	0.02	137.62
0.7000000000000001	0.025	51.54
0.7000000000000001	0.030000000000000002	44.96
0.7000000000000001	0.035	40.58
0.7000000000000001	0.04	48.64
0.7000000000000001	0.045	43.04
0.7000000000000001	0.049999999999999996	49.62
0.7000000000000001	0.05499999999999999	52.0
0.7000000000000001	0.05999999999999999	52.34
0.7000000000000001	0.06499999999999999	66.56
0.7000000000000001	0.06999999999999999	79.76
0.7000000000000001	0.075	90.1
0.7000000000000001	0.08	107.18
0.7000000000000001	0.085	172.64
0.7000000000000001	0.09000000000000001	514.62
0.7000000000000001	0.09500000000000001	1000.0
0.7000000000000001	0.10000000000000002	1000.0
0.7000000000000001	0.10500000000000002	1000.0
0.7000000000000001	0.11000000000000003	1000.0
0.7000000000000001	0.11500000000000003	1000.0
0.7000000000000001	0.12000000000000004	1000.0
0.7000000000000001	0.12500000000000003	1000.0
0.7000000000000001	0.13000000000000003	1000.0
0.7000000000000001	0.13500000000000004	1000.0
0.7000000000000001	0.14000000000000004	1000.0
0.7000000000000001	0.14500000000000005	1000.0
0.7000000000000001	0.15000000000000005	1000.0
0.7000000000000001	0.15500000000000005	1000.0
0.7000000000000001	0.16000000000000006	1000.0
0.7000000000000001	0.16500000000000006	1000.0
0.7000000000000001	0.17000000000000007	1000.0
0.7000000000000001	0.17500000000000007	1000.0
0.7000000000000001	0.18000000000000008	1000.0
0.7000000000000001	0.18500000000000008	1000.0
0.7000000000000001	0.19000000000000009	1000.0
0.7000000000000001	0.1950000000000001	1000.0

0.7500000000000001	0.0	980.32
0.7500000000000001	0.005	352.94
0.7500000000000001	0.01	302.8
0.7500000000000001	0.015	337.5
0.7500000000000001	0.02	108.02
0.7500000000000001	0.025	51.76
0.7500000000000001	0.030000000000000002	45.18
0.7500000000000001	0.035	40.6
0.7500000000000001	0.04	41.44
0.7500000000000001	0.045	41.82
0.7500000000000001	0.049999999999999996	46.8
0.7500000000000001	0.05499999999999999	51.88
0.7500000000000001	0.05999999999999999	61.42
0.7500000000000001	0.06499999999999999	58.36
0.7500000000000001	0.06999999999999999	66.6
0.7500000000000001	0.075	79.32
0.7500000000000001	0.08	90.82
0.7500000000000001	0.085	123.76
0.7500000000000001	0.09000000000000001	220.2
0.7500000000000001	0.09500000000000001	819.84
0.7500000000000001	0.10000000000000002	1000.0
0.7500000000000001	0.10500000000000002	1000.0
0.7500000000000001	0.11000000000000003	1000.0
0.7500000000000001	0.11500000000000003	1000.0
0.7500000000000001	0.12000000000000004	1000.0
0.7500000000000001	0.12500000000000003	1000.0
0.7500000000000001	0.13000000000000003	1000.0
0.7500000000000001	0.13500000000000004	1000.0
0.7500000000000001	0.14000000000000004	1000.0
0.7500000000000001	0.14500000000000005	1000.0
0.7500000000000001	0.15000000000000005	1000.0
0.7500000000000001	0.15500000000000005	1000.0
0.7500000000000001	0.16000000000000006	1000.0
0.7500000000000001	0.16500000000000006	1000.0
0.7500000000000001	0.17000000000000007	1000.0
0.7500000000000001	0.17500000000000007	1000.0
0.7500000000000001	0.18000000000000008	1000.0
0.7500000000000001	0.18500000000000008	1000.0
0.7500000000000001	0.19000000000000009	1000.0
0.7500000000000001	0.1950000000000001	1000.0

0.8000000000000002	0.0	980.36
0.8000000000000002	0.005	253.94
0.8000000000000002	0.01	288.6
0.8000000000000002	0.015	214.3
0.8000000000000002	0.02	83.3
0.8000000000000002	0.025	46.7
0.8000000000000002	0.030000000000000002	36.18
0.8000000000000002	0.035	34.7
0.8000000000000002	0.04	35.42
0.8000000000000002	0.045	42.26
0.8000000000000002	0.049999999999999996	44.52
0.8000000000000002	0.05499999999999999	47.24
0.8000000000000002	0.05999999999999999	50.12
0.8000000000000002	0.06499999999999999	51.58
0.8000000000000002	0.06999999999999999	58.84
0.8000000000000002	0.075	64.82
0.8000000000000002	0.08	88.5
0.8000000000000002	0.085	102.4
0.8000000000000002	0.09000000000000001	141.76
0.8000000000000002	0.09500000000000001	334.84
0.8000000000000002	0.10000000000000002	974.96
0.8000000000000002	0.10500000000000002	1000.0
0.8000000000000002	0.11000000000000003	1000.0
0.8000000000000002	0.11500000000000003	1000.0
0.8000000000000002	0.12000000000000004	1000.0
0.8000000000000002	0.12500000000000003	1000.0
0.8000000000000002	0.13000000000000003	1000.0
0.8000000000000002	0.13500000000000004	1000.0
0.8000000000000002	0.14000000000000004	1000.0
0.8000000000000002	0.14500000000000005	1000.0
0.8000000000000002	0.15000000000000005	1000.0
0.8000000000000002	0.15500000000000005	1000.0
0.8000000000000002	0.16000000000000006	1000.0
0.8000000000000002	0.16500000000000006	1000.0
0.8000000000000002	0.17000000000000007	1000.0
0.8000000000000002	0.17500000000000007	1000.0
0.8000000000000002	0.18000000000000008	1000.0
0.8000000000000002	0.18500000000000008	1000.0
0.8000000000000002	0.19000000000000009	1000.0
0.8000000000000002	0.1950000000000001	1000.0

0.8500000000000002	0.0	1000.0
0.8500000000000002	0.005	254.32
0.8500000000000002	0.01	253.72
0.8500000000000002	0.015	185.5
0.8500000000000002	0.02	91.12
0.8500000000000002	0.025	52.74
0.8500000000000002	0.030000000000000002	36.18
0.8500000000000002	0.035	36.24
0.8500000000000002	0.04	33.84
0.8500000000000002	0.045	34.58
0.8500000000000002	0.049999999999999996	35.9
0.8500000000000002	0.05499999999999999	40.78
0.8500000000000002	0.05999999999999999	46.48
0.8500000000000002	0.06499999999999999	57.14
0.8500000000000002	0.06999999999999999	55.62
0.8500000000000002	0.075	62.48
0.8500000000000002	0.08	74.98
0.8500000000000002	0.085	80.72
0.8500000000000002	0.09000000000000001	127.68
0.8500000000000002	0.09500000000000001	190.86
0.8500000000000002	0.10000000000000002	821.22
0.8500000000000002	0.10500000000000002	1000.0
0.8500000000000002	0.11000000000000003	1000.0
0.8500000000000002	0.11500000000000003	1000.0
0.8500000000000002	0.12000000000000004	1000.0
0.8500000000000002	0.12500000000000003	1000.0
0.8500000000000002	0.13000000000000003	1000.0
0.8500000000000002	0.13500000000000004	1000.0
0.8500000000000002	0.14000000000000004	1000.0
0.8500000000000002	0.14500000000000005	1000.0
0.8500000000000002	0.15000000000000005	1000.0
0.8500000000000002	0.15500000000000005	1000.0
0.8500000000000002	0.16000000000000006	1000.0
0.8500000000000002	0.16500000000000006	1000.0
0.8500000000000002	0.17000000000000007	1000.0
0.8500000000000002	0.17500000000000007	1000.0
0.8500000000000002	0.18000000000000008	1000.0
0.8500000000000002	0.18500000000000008	1000.0
0.8500000000000002	0.19000000000000009	1000.0
0.8500000000000002	0.1950000000000001	1000.0
